1 0.35211267605633806 0.21370143149284257 0.08802816901408451 0.1063394683026585
0 0.4546654929577465 0.23006134969325157 0.09242957746478873 0.11860940695296525
1 0.5545774647887324 0.25971370143149286 0.0897887323943662 0.11247443762781187
1 0.6698943661971831 0.2806748466257669 0.09507042253521127 0.10531697341513294
1 0.758362676056338 0.3113496932515338 0.0801056338028169 0.10531697341513294
1 0.3274647887323944 0.33128834355828224 0.08274647887323944 0.09611451942740287
2 0.4300176056338028 0.3670756646216769 0.08890845070422536 0.11656441717791412
0 0.542693661971831 0.38343558282208595 0.09242957746478873 0.1063394683026585
0 0.6421654929577465 0.42024539877300615 0.09066901408450705 0.10224948875255625
2 0.7433978873239436 0.4335378323108385 0.08714788732394367 0.10224948875255625
2 0.3067781690140845 0.46574642126789373 0.07482394366197183 0.10531697341513294
0 0.4102112676056338 0.49948875255623726 0.08802816901408451 0.1114519427402863
1 0.5123239436619719 0.5097137014314929 0.08626760563380281 0.09918200408997956
0 0.6157570422535211 0.5495910020449898 0.09066901408450705 0.10940695296523519
1 0.7240316901408451 0.5639059304703476 0.09242957746478873 0.10531697341513294
2 0.2764084507042254 0.6032719836400818 0.09507042253521127 0.1226993865030675
1 0.37544014084507044 0.6155419222903886 0.07834507042253522 0.09202453987730062
2 0.4810739436619718 0.6457055214723927 0.09595070422535211 0.10122699386503069
1 0.5977112676056339 0.6625766871165645 0.09330985915492958 0.10429447852760737
2 0.702024647887324 0.6886503067484663 0.08714788732394367 0.1114519427402863
1 0.27024647887323944 0.7065439672801637 0.07570422535211267 0.08793456032719837
1 0.3600352112676056 0.7367075664621677 0.10035211267605634 0.10736196319018405
1 0.47755281690140844 0.764314928425358 0.08362676056338028 0.09304703476482619
1 0.5691021126760564 0.7862985685071575 0.08362676056338028 0.09406952965235174
0 0.6738556338028169 0.8139059304703478 0.08714788732394367 0.11656441717791412
0 0.25660211267605637 0.8190184049079755 0.07658450704225352 0.10020449897750512
1 0.34903169014084506 0.8404907975460123 0.07658450704225352 0.08793456032719837
1 0.5448943661971831 0.8865030674846627 0.07922535211267606 0.08588957055214724
1 0.6439260563380281 0.9049079754601228 0.07834507042253522 0.07975460122699388
