1 0.2625 0.19875 0.095 0.14250000000000002
0 0.376 0.193125 0.098 0.12625
1 0.507 0.195625 0.098 0.12625
1 0.6205 0.193125 0.093 0.13125
1 0.7385 0.196875 0.101 0.13375
1 0.264 0.34750000000000003 0.094 0.1325
0 0.382 0.35000000000000003 0.1 0.1325
1 0.5025000000000001 0.344375 0.099 0.13625
0 0.6255000000000001 0.36062500000000003 0.093 0.12125
0 0.743 0.348125 0.098 0.12875
2 0.264 0.50875 0.094 0.125
0 0.3765 0.524375 0.091 0.15125
0 0.5065000000000001 0.506875 0.099 0.12375
0 0.6355000000000001 0.509375 0.10300000000000001 0.14375000000000002
1 0.739 0.503125 0.08600000000000001 0.12875
1 0.2765 0.673125 0.095 0.13875
1 0.3865 0.6925 0.101 0.16
1 0.7475 0.675625 0.089 0.13375
1 0.7435 0.815625 0.091 0.12375
0 0.511 0.676875 0.088 0.13125
0 0.625 0.67125 0.094 0.1325
0 0.5065000000000001 0.824375 0.101 0.11625
0 0.6305000000000001 0.8093750000000001 0.083 0.10875
0 0.393 0.8175 0.098 0.1125
2 0.28250000000000003 0.810625 0.089 0.11375
0 0.28600000000000003 0.9450000000000001 0.094 0.105
2 0.398 0.94875 0.092 0.1
2 0.6335000000000001 0.948125 0.095 0.10125
2 0.734 0.940625 0.092 0.10375000000000001
