1 0.269 0.15875 0.092 0.135
1 0.379 0.16375 0.088 0.1275
1 0.616 0.154375 0.08600000000000001 0.12375
1 0.736 0.1675 0.082 0.12
1 0.7465 0.31375000000000003 0.085 0.125
1 0.636 0.315625 0.096 0.13375
1 0.4975 0.31375000000000003 0.101 0.13
1 0.387 0.315 0.098 0.1375
1 0.2715 0.3225 0.093 0.1275
1 0.269 0.478125 0.098 0.12625
1 0.39 0.47875 0.098 0.14
1 0.5095000000000001 0.48 0.107 0.1375
1 0.623 0.479375 0.1 0.12875
1 0.388 0.63125 0.10200000000000001 0.125
1 0.6235 0.636875 0.093 0.13375
1 0.738 0.628125 0.092 0.13375
1 0.744 0.779375 0.096 0.12625
1 0.39 0.779375 0.098 0.12875
1 0.28450000000000003 0.781875 0.097 0.13625
1 0.2895 0.91125 0.08700000000000001 0.1225
1 0.3895 0.918125 0.085 0.11125
1 0.7345 0.915625 0.089 0.11125
1 0.618 0.91625 0.084 0.11750000000000001
0 0.5085000000000001 0.16125 0.099 0.135
2 0.7405 0.484375 0.099 0.12375
2 0.514 0.641875 0.10200000000000001 0.14125000000000001
2 0.2765 0.640625 0.095 0.12125
2 0.4985 0.79 0.091 0.13
2 0.6225 0.7887500000000001 0.101 0.1225
