1 0.2566666666666667 0.3322429906542056 0.11 0.09813084112149534
1 0.3541666666666667 0.2985981308411215 0.085 0.09626168224299066
0 0.4529166666666667 0.25794392523364484 0.0825 0.10093457943925234
0 0.5416666666666667 0.2280373831775701 0.08666666666666667 0.09532710280373832
1 0.6320833333333333 0.1869158878504673 0.07583333333333334 0.09158878504672897
0 0.29875 0.44953271028037384 0.08750000000000001 0.09906542056074767
0 0.38833333333333336 0.4154205607476636 0.08833333333333333 0.10934579439252337
1 0.48125 0.3747663551401869 0.08416666666666667 0.09719626168224299
1 0.5825 0.3383177570093458 0.07833333333333334 0.09345794392523366
1 0.67125 0.29158878504672897 0.07916666666666668 0.10841121495327104
0 0.335 0.5537383177570093 0.08333333333333334 0.1
0 0.4254166666666667 0.5172897196261682 0.07916666666666668 0.09252336448598131
1 0.51875 0.4822429906542056 0.07916666666666668 0.10093457943925234
2 0.6125 0.45 0.07833333333333334 0.08878504672897197
1 0.7083333333333334 0.4070093457943925 0.06833333333333334 0.08691588785046729
1 0.36000000000000004 0.6602803738317757 0.085 0.08691588785046729
1 0.45458333333333334 0.6336448598130842 0.08916666666666667 0.09345794392523366
1 0.56125 0.5967289719626169 0.08416666666666667 0.09065420560747664
1 0.6545833333333334 0.5584112149532711 0.08750000000000001 0.10747663551401869
0 0.7350000000000001 0.5140186915887851 0.07333333333333333 0.09158878504672897
0 0.3975 0.7649532710280375 0.08166666666666667 0.08691588785046729
0 0.49083333333333334 0.7369158878504674 0.07500000000000001 0.09252336448598131
0 0.5879166666666668 0.6911214953271029 0.07083333333333333 0.07943925233644861
2 0.6775 0.6588785046728972 0.08666666666666667 0.09345794392523366
0 0.7725000000000001 0.6219626168224299 0.08833333333333333 0.09626168224299066
1 0.7920833333333334 0.7182242990654206 0.07916666666666668 0.09065420560747664
1 0.7075 0.7495327102803738 0.08 0.08411214953271029
1 0.5283333333333333 0.8252336448598131 0.07666666666666667 0.08411214953271029
1 0.43333333333333335 0.8598130841121495 0.08 0.08224299065420561
