1 0.251 0.216875 0.1 0.13625
2 0.3735 0.21125 0.10300000000000001 0.1475
1 0.4995 0.20750000000000002 0.10300000000000001 0.155
2 0.633 0.2025 0.098 0.14250000000000002
1 0.746 0.204375 0.1 0.13875
1 0.2555 0.38125000000000003 0.099 0.1325
0 0.3705 0.385 0.105 0.15
2 0.4935 0.38 0.123 0.1525
2 0.6245 0.36375 0.111 0.1475
0 0.751 0.36375 0.096 0.14
2 0.261 0.536875 0.094 0.12375
1 0.372 0.534375 0.10400000000000001 0.13875
1 0.4975 0.563125 0.107 0.14375000000000002
2 0.6265000000000001 0.5375 0.113 0.1375
0 0.7495 0.531875 0.101 0.13625
1 0.264 0.698125 0.10200000000000001 0.14375000000000002
1 0.3785 0.701875 0.097 0.14875
0 0.4955 0.700625 0.105 0.12875
0 0.627 0.69875 0.10400000000000001 0.13
1 0.74 0.68375 0.094 0.125
0 0.273 0.844375 0.096 0.13875
1 0.3855 0.8425 0.097 0.11750000000000001
0 0.494 0.8512500000000001 0.114 0.135
2 0.6155 0.846875 0.099 0.12875
0 0.7325 0.8425 0.095 0.145
0 0.2735 0.956875 0.10300000000000001 0.08375
1 0.3835 0.96 0.091 0.0775
1 0.61 0.961875 0.10400000000000001 0.07375
0 0.7215 0.9556250000000001 0.089 0.08625000000000001
