1 0.24603873239436622 0.2586912065439673 0.08890845070422536 0.09611451942740287
1 0.34463028169014087 0.23261758691206547 0.08890845070422536 0.10531697341513294
0 0.4586267605633803 0.1876278118609407 0.11267605633802817 0.11554192229038857
0 0.5686619718309859 0.17791411042944788 0.10035211267605634 0.11042944785276075
1 0.6650528169014085 0.1554192229038855 0.0801056338028169 0.11247443762781187
1 0.26848591549295775 0.3793456032719837 0.08098591549295775 0.10429447852760737
1 0.3767605633802817 0.3619631901840491 0.07922535211267606 0.10224948875255625
1 0.4810739436619718 0.3297546012269939 0.0994718309859155 0.12167689161554193
0 0.5809859154929577 0.3052147239263804 0.08626760563380281 0.10531697341513294
1 0.6892605633802817 0.27607361963190186 0.08274647887323944 0.10020449897750512
1 0.2953345070422535 0.5061349693251534 0.0801056338028169 0.10838445807770962
1 0.3921654929577465 0.48057259713701433 0.09242957746478873 0.1063394683026585
1 0.4977992957746479 0.4637014314928426 0.08890845070422536 0.11349693251533743
0 0.6029929577464789 0.43200408997955014 0.0897887323943662 0.11349693251533743
0 0.7139084507042254 0.41359918200409 0.08450704225352113 0.13190184049079756
2 0.3147007042253521 0.6400817995910021 0.10123239436619719 0.11042944785276075
2 0.5255281690140845 0.5879345603271984 0.09683098591549295 0.1063394683026585
2 0.670774647887324 0.7985685071574643 0.09154929577464789 0.081799591002045
1 0.4234154929577465 0.6083844580777097 0.07922535211267606 0.10020449897750512
0 0.6285211267605634 0.5628834355828222 0.09154929577464789 0.11349693251533743
1 0.7227112676056339 0.5286298568507158 0.08098591549295775 0.10224948875255625
1 0.3516725352112676 0.7581799591002045 0.0818661971830986 0.1032719836400818
1 0.44850352112676056 0.7295501022494888 0.07482394366197183 0.09100204498977506
1 0.5497359154929577 0.7044989775051126 0.08362676056338028 0.10020449897750512
1 0.6549295774647887 0.6912065439672802 0.08098591549295775 0.11656441717791412
1 0.7544014084507042 0.6656441717791411 0.08098591549295775 0.10429447852760737
1 0.3767605633802817 0.8619631901840492 0.09330985915492958 0.09611451942740287
1 0.47887323943661975 0.8548057259713703 0.08274647887323944 0.11042944785276075
1 0.7649647887323944 0.7724948875255624 0.08098591549295775 0.09304703476482619
