0 0.24674267100977199 0.35822898032200357 0.07166123778501629 0.08497316636851521
0 0.2768729641693811 0.4619856887298748 0.08631921824104236 0.08139534883720931
0 0.32532573289902283 0.31753130590339895 0.08224755700325734 0.1001788908765653
2 0.4214169381107492 0.2714669051878354 0.08224755700325734 0.09928443649373882
1 0.5171009771986971 0.2298747763864043 0.08306188925081434 0.09123434704830054
1 0.6054560260586319 0.19141323792486584 0.07084690553745929 0.07871198568872988
0 0.3762214983713355 0.4163685152057245 0.07817589576547232 0.09033989266547406
0 0.4625407166123779 0.3774597495527728 0.08143322475570033 0.08586762075134169
0 0.5492671009771988 0.3264758497316637 0.07573289902280131 0.09302325581395349
1 0.6449511400651466 0.2902504472271914 0.08631921824104236 0.08676207513416816
2 0.32573289902280134 0.5742397137745975 0.0749185667752443 0.1001788908765653
0 0.41286644951140067 0.5219141323792487 0.07817589576547232 0.0885509838998211
2 0.511400651465798 0.4865831842576029 0.08794788273615635 0.1001788908765653
0 0.5981270358306189 0.43828264758497315 0.08387622149837134 0.09660107334525939
1 0.6885179153094463 0.3904293381037567 0.08876221498371335 0.09749552772808587
1 0.3705211726384365 0.6771019677996423 0.0749185667752443 0.1037567084078712
2 0.45114006514657984 0.6341681574239714 0.08143322475570033 0.09123434704830054
0 0.5525244299674268 0.5813953488372093 0.08387622149837134 0.08228980322003578
1 0.634771986970684 0.5429338103756708 0.0741042345276873 0.08944543828264759
2 0.7190553745928339 0.4937388193202147 0.0732899022801303 0.08586762075134169
2 0.40472312703583063 0.7643112701252236 0.07654723127035831 0.08318425760286226
2 0.4947068403908795 0.7285330948121646 0.07736156351791532 0.0885509838998211
0 0.5855048859934854 0.6945438282647585 0.0732899022801303 0.11001788908765653
0 0.6815960912052118 0.6350626118067979 0.08631921824104236 0.08407871198568873
1 0.7666938110749186 0.5952593917710197 0.08387622149837134 0.09749552772808587
1 0.7878664495114007 0.6855992844364938 0.06758957654723127 0.08318425760286226
1 0.7027687296416938 0.725402504472272 0.07166123778501629 0.08050089445438283
1 0.5378664495114007 0.8112701252236136 0.07736156351791532 0.08407871198568873
1 0.45684039087947886 0.8492844364937389 0.07817589576547232 0.08676207513416816
