0 0.28750000000000003 0.144375 0.099 0.13125
0 0.28150000000000003 0.29812500000000003 0.105 0.13375
0 0.281 0.623125 0.098 0.13125
0 0.2945 0.769375 0.095 0.12875
0 0.7605000000000001 0.75 0.085 0.12
0 0.7685 0.6025 0.091 0.1325
0 0.767 0.45687500000000003 0.082 0.11625
2 0.651 0.13625 0.11 0.14
2 0.643 0.29 0.094 0.14
2 0.5385 0.45437500000000003 0.105 0.13625
2 0.41000000000000003 0.45625 0.11800000000000001 0.135
2 0.2805 0.448125 0.099 0.12625
2 0.40700000000000003 0.77 0.10200000000000001 0.11750000000000001
0 0.765 0.295 0.10400000000000001 0.135
2 0.41600000000000004 0.916875 0.096 0.11625
1 0.4055 0.14 0.095 0.1225
1 0.5305 0.131875 0.10300000000000001 0.13875
1 0.7605000000000001 0.145 0.097 0.1375
1 0.40800000000000003 0.29875 0.094 0.1275
1 0.532 0.289375 0.10400000000000001 0.13375
1 0.6515 0.4525 0.095 0.125
1 0.401 0.615 0.096 0.1325
1 0.531 0.61625 0.10200000000000001 0.1275
1 0.6485 0.603125 0.101 0.12625
1 0.5315 0.771875 0.10300000000000001 0.14125000000000001
1 0.657 0.775 0.098 0.125
1 0.6545 0.905 0.089 0.115
1 0.302 0.8925000000000001 0.082 0.10250000000000001
2 0.7625000000000001 0.889375 0.093 0.11375
