0 0.589171974522293 0.2230308219178082 0.07961783439490447 0.0898972602739726
2 0.7555732484076434 0.6027397260273972 0.06369426751592357 0.08047945205479451
1 0.4637738853503185 0.6601027397260274 0.07563694267515923 0.0976027397260274
1 0.320859872611465 0.3501712328767123 0.07484076433121019 0.0976027397260274
1 0.41441082802547774 0.3125 0.07404458598726114 0.08047945205479451
1 0.5 0.2684075342465753 0.07006369426751592 0.08476027397260273
2 0.2356687898089172 0.4152397260273972 0.07961783439490447 0.09246575342465753
1 0.2846337579617835 0.5008561643835616 0.06449044585987261 0.08047945205479451
0 0.3694267515923567 0.4537671232876712 0.07961783439490447 0.0821917808219178
1 0.46178343949044587 0.40753424657534243 0.08598726114649682 0.10787671232876711
0 0.5469745222929937 0.36087328767123283 0.07802547770700638 0.0881849315068493
0 0.6349522292993631 0.3189212328767123 0.07563694267515923 0.08647260273972603
0 0.3335987261146497 0.5963184931506849 0.06847133757961783 0.0761986301369863
2 0.419984076433121 0.5517979452054794 0.0820063694267516 0.09674657534246575
0 0.5031847133757962 0.511986301369863 0.07165605095541401 0.07534246575342465
0 0.5919585987261147 0.46618150684931503 0.07563694267515923 0.08476027397260273
1 0.669187898089172 0.4148116438356164 0.06130573248407643 0.07791095890410958
2 0.38734076433121023 0.6982020547945205 0.07245222929936306 0.09160958904109588
1 0.5549363057324841 0.6018835616438356 0.08121019108280256 0.09417808219178081
0 0.6393312101910829 0.555222602739726 0.07643312101910829 0.07962328767123288
1 0.7145700636942676 0.5145547945205479 0.06130573248407643 0.08732876712328766
0 0.4259554140127389 0.7808219178082192 0.06528662420382166 0.07534246575342465
0 0.5071656050955414 0.7452910958904109 0.07165605095541401 0.08476027397260273
0 0.5907643312101911 0.6990582191780822 0.07484076433121019 0.08304794520547945
1 0.6807324840764332 0.6523972602739726 0.06847133757961783 0.07876712328767123
1 0.713375796178344 0.7315924657534246 0.06687898089171974 0.06592465753424658
0 0.7914012738853503 0.6823630136986301 0.06369426751592357 0.08904109589041095
1 0.5533439490445861 0.8287671232876712 0.08121019108280256 0.09075342465753425
1 0.473328025477707 0.8587328767123287 0.0660828025477707 0.0839041095890411
