0 0.2473309608540925 0.24272349272349275 0.07473309608540925 0.09875259875259876
0 0.3429715302491103 0.2188149688149688 0.09697508896797152 0.12162162162162163
0 0.44217081850533807 0.17671517671517672 0.0889679715302491 0.10810810810810811
0 0.6641459074733096 0.14501039501039503 0.08096085409252668 0.10706860706860707
0 0.7055160142348754 0.3892931392931393 0.08718861209964412 0.11122661122661123
0 0.36298932384341637 0.3305613305613306 0.09074733096085409 0.0997920997920998
0 0.5346975088967971 0.7104989604989606 0.0889679715302491 0.10083160083160084
0 0.3656583629893238 0.8659043659043659 0.09252669039145907 0.0997920997920998
0 0.3113879003558719 0.6252598752598753 0.07651245551601422 0.10083160083160084
0 0.3340747330960854 0.7453222453222453 0.08274021352313167 0.0893970893970894
1 0.26467971530249107 0.36642411642411643 0.07740213523131673 0.09875259875259876
1 0.2824733096085409 0.4911642411642412 0.07206405693950177 0.0945945945945946
1 0.47153024911032027 0.31133056133056136 0.10142348754448398 0.12370062370062371
1 0.4973309608540925 0.45322245322245325 0.08540925266903915 0.1101871101871102
1 0.516459074733096 0.5743243243243243 0.08629893238434164 0.09251559251559252
1 0.6307829181494662 0.5504158004158004 0.09430604982206406 0.10291060291060292
1 0.74644128113879 0.6611226611226612 0.08540925266903915 0.11850311850311851
1 0.7580071174377224 0.7650727650727651 0.08007117437722419 0.09771309771309772
1 0.6712633451957295 0.7941787941787942 0.09875444839857651 0.10187110187110188
1 0.4359430604982206 0.7188149688149689 0.08007117437722419 0.07588357588357589
1 0.4541814946619217 0.8466735966735968 0.08807829181494661 0.09251559251559252
1 0.6005338078291814 0.4173596673596674 0.09430604982206406 0.10706860706860707
2 0.5667259786476868 0.16372141372141374 0.0889679715302491 0.104989604989605
2 0.5814056939501779 0.29521829521829523 0.08096085409252668 0.1101871101871102
2 0.6828291814946619 0.26663201663201663 0.08096085409252668 0.11122661122661123
2 0.3927935943060498 0.4698544698544699 0.09163701067615658 0.11434511434511435
2 0.41637010676156583 0.6044698544698545 0.0889679715302491 0.1257796257796258
2 0.6445729537366548 0.6704781704781705 0.08629893238434164 0.09771309771309772
2 0.7304270462633452 0.5223492723492724 0.08362989323843416 0.0945945945945946
