1 0.28200000000000003 0.155625 0.09 0.10375000000000001
2 0.3985 0.161875 0.091 0.13625
2 0.522 0.154375 0.084 0.12125
2 0.7625000000000001 0.165625 0.095 0.13125
2 0.643 0.17 0.10200000000000001 0.1325
2 0.28200000000000003 0.321875 0.096 0.13375
0 0.3975 0.319375 0.109 0.12625
1 0.52 0.31125 0.096 0.12
2 0.6365000000000001 0.333125 0.10300000000000001 0.12875
1 0.767 0.321875 0.108 0.13375
2 0.2715 0.49125 0.115 0.14
1 0.3895 0.4825 0.105 0.1275
2 0.5105000000000001 0.4875 0.11900000000000001 0.135
1 0.643 0.483125 0.108 0.12875
2 0.762 0.48125 0.10200000000000001 0.13
1 0.2805 0.63125 0.093 0.12
1 0.3835 0.6431250000000001 0.11900000000000001 0.12625
1 0.5215 0.645 0.105 0.12
1 0.634 0.649375 0.092 0.12875
0 0.7575000000000001 0.6525 0.097 0.135
0 0.28150000000000003 0.7887500000000001 0.095 0.135
1 0.3935 0.7925 0.095 0.12
1 0.6345000000000001 0.791875 0.091 0.11625
0 0.75 0.789375 0.094 0.12125
