0 0.276 0.17125 0.098 0.1325
2 0.3815 0.166875 0.10300000000000001 0.12875
2 0.509 0.15812500000000002 0.106 0.12875
1 0.6335000000000001 0.15687500000000001 0.113 0.14125000000000001
2 0.738 0.166875 0.092 0.13875
1 0.271 0.320625 0.09 0.13125
1 0.377 0.31875000000000003 0.096 0.1325
2 0.4975 0.311875 0.117 0.13625
1 0.626 0.321875 0.106 0.11625
1 0.7395 0.310625 0.079 0.11125
0 0.2645 0.48812500000000003 0.091 0.15125
2 0.376 0.474375 0.116 0.12375
1 0.5085000000000001 0.47125 0.105 0.14
1 0.6315000000000001 0.47250000000000003 0.089 0.1275
1 0.741 0.479375 0.08600000000000001 0.12875
2 0.2685 0.639375 0.085 0.13125
0 0.392 0.645 0.08 0.13
1 0.5075000000000001 0.63625 0.093 0.13
1 0.6375000000000001 0.62625 0.10300000000000001 0.135
1 0.743 0.6225 0.08600000000000001 0.11750000000000001
2 0.2745 0.786875 0.097 0.12875
0 0.3905 0.781875 0.099 0.11875000000000001
0 0.518 0.776875 0.10400000000000001 0.11375
0 0.629 0.771875 0.09 0.11625
1 0.746 0.765625 0.1 0.12375
1 0.296 0.91125 0.08600000000000001 0.10250000000000001
0 0.3935 0.916875 0.105 0.12125
1 0.6295000000000001 0.915625 0.089 0.13125
0 0.7405 0.89625 0.097 0.11750000000000001
