0 0.2745 0.1675 0.08700000000000001 0.1325
0 0.3805 0.151875 0.10300000000000001 0.13375
2 0.503 0.145625 0.1 0.12875
2 0.642 0.14625 0.098 0.145
1 0.7515000000000001 0.15375 0.095 0.1475
2 0.2695 0.3175 0.097 0.15
1 0.388 0.3075 0.10200000000000001 0.1275
1 0.514 0.31 0.094 0.14250000000000002
2 0.6425 0.309375 0.099 0.14125000000000001
0 0.759 0.30875 0.10200000000000001 0.125
0 0.27 0.474375 0.1 0.13375
0 0.39 0.465625 0.098 0.14875
1 0.5105000000000001 0.46625 0.099 0.13
0 0.633 0.46625 0.106 0.1325
1 0.7515000000000001 0.466875 0.097 0.13625
1 0.2785 0.626875 0.101 0.12375
1 0.388 0.63125 0.09 0.135
1 0.5205 0.630625 0.107 0.12625
1 0.644 0.63625 0.12 0.1375
0 0.7535000000000001 0.624375 0.099 0.12625
0 0.2745 0.77875 0.099 0.13
1 0.3895 0.785 0.10300000000000001 0.13
1 0.5165 0.79 0.089 0.1225
1 0.625 0.7837500000000001 0.106 0.1225
1 0.7475 0.775625 0.097 0.12125
0 0.281 0.9125 0.094 0.115
1 0.39 0.920625 0.092 0.10375000000000001
1 0.622 0.93125 0.084 0.135
1 0.744 0.9125 0.09 0.1125
