1 0.264 0.1975 0.094 0.115
1 0.388 0.1925 0.092 0.1225
0 0.633 0.20625000000000002 0.088 0.11750000000000001
2 0.6305000000000001 0.519375 0.093 0.12125
1 0.5045000000000001 0.19875 0.089 0.125
1 0.743 0.203125 0.08 0.12625
2 0.2615 0.34500000000000003 0.111 0.1275
1 0.381 0.35125 0.1 0.14250000000000002
1 0.4985 0.350625 0.101 0.11875000000000001
0 0.641 0.34625 0.106 0.12
1 0.7525000000000001 0.365 0.097 0.1275
1 0.265 0.50625 0.096 0.135
1 0.3805 0.515625 0.089 0.14375000000000002
1 0.5045000000000001 0.514375 0.097 0.12875
1 0.748 0.5181250000000001 0.096 0.12125
1 0.6295000000000001 0.6743750000000001 0.107 0.12375
1 0.739 0.82125 0.096 0.1475
1 0.6225 0.80375 0.081 0.105
1 0.503 0.8300000000000001 0.096 0.12
1 0.397 0.819375 0.096 0.12375
1 0.3965 0.948125 0.091 0.09375
1 0.291 0.9425 0.1 0.1075
0 0.269 0.665625 0.084 0.11375
0 0.379 0.676875 0.09 0.11875000000000001
0 0.6235 0.948125 0.091 0.10125
0 0.726 0.94125 0.092 0.0925
2 0.51 0.67 0.08600000000000001 0.1275
2 0.7435 0.67375 0.097 0.125
2 0.2785 0.8125 0.089 0.1325
