0 0.2605 0.164375 0.117 0.13625
0 0.3885 0.15875 0.109 0.135
0 0.509 0.16 0.098 0.135
0 0.628 0.15375 0.096 0.13
0 0.747 0.16 0.10200000000000001 0.14
1 0.267 0.324375 0.108 0.14875
0 0.633 0.3025 0.10200000000000001 0.1625
1 0.751 0.313125 0.094 0.12125
0 0.272 0.495 0.096 0.145
0 0.392 0.481875 0.12 0.13625
1 0.5085000000000001 0.485 0.095 0.1325
1 0.629 0.484375 0.1 0.14375000000000002
1 0.747 0.48125 0.096 0.15
0 0.2755 0.64125 0.093 0.1275
0 0.387 0.64125 0.114 0.1525
1 0.514 0.63625 0.098 0.13
0 0.634 0.64375 0.098 0.1475
1 0.7445 0.6325000000000001 0.093 0.13
1 0.28250000000000003 0.78625 0.095 0.1225
1 0.394 0.7875 0.108 0.12
1 0.514 0.7987500000000001 0.10200000000000001 0.14
0 0.6295000000000001 0.784375 0.101 0.12375
1 0.7415 0.779375 0.095 0.12375
1 0.294 0.92 0.09 0.11
0 0.40850000000000003 0.928125 0.08700000000000001 0.12125
1 0.625 0.9243750000000001 0.10400000000000001 0.12375
1 0.741 0.9075 0.09 0.1125
