1 0.32360861759425497 0.2674050632911392 0.08527827648114901 0.11497890295358648
0 0.43043087971274685 0.2800632911392405 0.08348294434470377 0.11919831223628691
1 0.531867145421903 0.3111814345991561 0.11220825852782765 0.1371308016877637
2 0.6485637342908438 0.3233122362869198 0.08527827648114901 0.11497890295358648
1 0.7396768402154399 0.35495780590717296 0.06642728904847398 0.0981012658227848
0 0.3007181328545781 0.395042194092827 0.07899461400359067 0.09599156118143459
0 0.4102333931777379 0.4193037974683544 0.08797127468581688 0.11075949367088607
0 0.5134649910233393 0.44620253164556956 0.08258527827648116 0.11392405063291139
1 0.6216337522441652 0.4683544303797468 0.07271095152603232 0.09493670886075949
1 0.7324955116696589 0.47890295358649787 0.09156193895870736 0.11603375527426159
2 0.2881508078994614 0.5363924050632911 0.07899461400359067 0.1170886075949367
0 0.3859964093357271 0.5559071729957805 0.08797127468581688 0.11181434599156118
0 0.49281867145421904 0.5764767932489451 0.08976660682226212 0.11075949367088607
0 0.599640933572711 0.5933544303797468 0.08797127468581688 0.10864978902953586
0 0.703770197486535 0.6149789029535865 0.07001795332136446 0.10759493670886075
0 0.27737881508078993 0.6476793248945147 0.07899461400359067 0.08016877637130801
0 0.3725314183123878 0.6877637130801687 0.08617594254937164 0.11181434599156118
0 0.48473967684021546 0.7046413502109704 0.0843806104129264 0.10759493670886075
1 0.5906642728904847 0.7267932489451476 0.0843806104129264 0.10970464135021096
1 0.6925493716337523 0.7294303797468353 0.08707360861759426 0.10232067510548522
2 0.2612208258527828 0.7732067510548523 0.08258527827648116 0.10548523206751054
0 0.3635547576301616 0.8016877637130801 0.08617594254937164 0.10337552742616032
1 0.4654398563734291 0.8238396624472573 0.08168761220825853 0.09071729957805906
1 0.559245960502693 0.8370253164556961 0.0718132854578097 0.09177215189873417
1 0.6602333931777379 0.845464135021097 0.0763016157989228 0.08966244725738395
0 0.25673249551166966 0.8633966244725738 0.08258527827648116 0.06223628691983122
1 0.35368043087971274 0.8818565400843881 0.07899461400359067 0.05485232067510548
