1 0.2605 0.045625 0.101 0.09125
2 0.3785 0.0425 0.099 0.085
1 0.504 0.04125 0.10400000000000001 0.0825
2 0.6325000000000001 0.038125 0.107 0.07625
1 0.741 0.043750000000000004 0.10200000000000001 0.08750000000000001
1 0.263 0.1825 0.094 0.1325
0 0.375 0.18125 0.10400000000000001 0.14250000000000002
2 0.4965 0.170625 0.11900000000000001 0.14875
2 0.626 0.16 0.112 0.155
1 0.749 0.17125 0.096 0.145
2 0.264 0.343125 0.098 0.13125
0 0.3745 0.328125 0.105 0.13875
1 0.4995 0.35125 0.109 0.14
0 0.6325000000000001 0.33437500000000003 0.105 0.14875
0 0.7485 0.3375 0.101 0.1375
0 0.263 0.5025000000000001 0.10200000000000001 0.1375
0 0.379 0.50875 0.10200000000000001 0.14
0 0.4995 0.5 0.107 0.14
0 0.6305000000000001 0.5025000000000001 0.113 0.14250000000000002
1 0.7455 0.494375 0.097 0.13625
0 0.265 0.6637500000000001 0.096 0.155
1 0.3855 0.655625 0.095 0.12875
0 0.496 0.666875 0.12 0.14375000000000002
0 0.621 0.661875 0.10200000000000001 0.13375
0 0.7405 0.6687500000000001 0.097 0.15
2 0.2655 0.811875 0.107 0.14375000000000002
2 0.38 0.8175 0.098 0.1375
0 0.617 0.8150000000000001 0.112 0.135
0 0.7325 0.801875 0.091 0.11625
