0 0.2704280155642023 0.18839712918660287 0.08560311284046693 0.12320574162679425
0 0.3784046692607004 0.173444976076555 0.10700389105058367 0.1339712918660287
2 0.49173151750972766 0.16267942583732056 0.0963035019455253 0.12200956937799043
2 0.6303501945525292 0.15729665071770335 0.09727626459143969 0.1375598086124402
1 0.7344357976653697 0.159688995215311 0.09533073929961089 0.1423444976076555
2 0.2699416342412451 0.3367224880382775 0.0943579766536965 0.13995215311004783
1 0.382295719844358 0.31638755980861244 0.09922178988326849 0.1303827751196172
1 0.5126459143968871 0.3151913875598086 0.09922178988326849 0.1423444976076555
2 0.6347276264591439 0.31220095693779903 0.10408560311284047 0.1339712918660287
0 0.7397859922178989 0.31339712918660284 0.0963035019455253 0.13636363636363635
0 0.2777237354085603 0.48564593301435405 0.10019455252918288 0.12440191387559808
0 0.39007782101167315 0.47727272727272724 0.09143968871595332 0.14593301435406697
1 0.5077821011673151 0.4706937799043062 0.09533073929961089 0.12320574162679425
0 0.6279182879377432 0.4617224880382775 0.09824902723735408 0.12200956937799043
2 0.742704280155642 0.45514354066985646 0.08657587548638132 0.11842105263157894
1 0.2845330739299611 0.6339712918660286 0.07879377431906615 0.11722488038277512
1 0.39931906614785995 0.631578947368421 0.0963035019455253 0.1339712918660287
1 0.5248054474708171 0.6279904306220095 0.10019455252918288 0.11722488038277512
1 0.6459143968871596 0.6273923444976076 0.12062256809338522 0.13516746411483252
0 0.75 0.6076555023923444 0.09143968871595332 0.12440191387559808
0 0.28793774319066145 0.7727272727272727 0.09727626459143969 0.12200956937799043
1 0.40077821011673154 0.7751196172248803 0.09533073929961089 0.12200956937799043
1 0.5228599221789884 0.777511961722488 0.09241245136186771 0.12200956937799043
1 0.6313229571984436 0.7691387559808612 0.10311284046692606 0.11004784688995214
1 0.7461089494163424 0.7529904306220095 0.08365758754863814 0.10645933014354067
0 0.29863813229571984 0.9013157894736842 0.0933852140077821 0.10645933014354067
1 0.4056420233463035 0.9078947368421052 0.09922178988326849 0.11004784688995214
1 0.6352140077821011 0.9102870813397129 0.09143968871595332 0.13157894736842105
1 0.7465953307392996 0.8869617224880383 0.0963035019455253 0.10167464114832535
