0 0.24484126984126983 0.3958333333333333 0.06904761904761905 0.08418367346938775
2 0.31785714285714284 0.34608843537414963 0.07539682539682539 0.09013605442176871
0 0.4027777777777778 0.2895408163265306 0.07698412698412699 0.08928571428571429
0 0.4880952380952381 0.2427721088435374 0.06984126984126984 0.08928571428571429
2 0.5658730158730159 0.20450680272108843 0.07777777777777778 0.0858843537414966
1 0.28293650793650793 0.48214285714285715 0.07380952380952381 0.08673469387755102
1 0.3615079365079365 0.4421768707482993 0.08015873015873017 0.07653061224489796
2 0.4392857142857143 0.38818027210884354 0.10238095238095238 0.09268707482993196
1 0.5337301587301587 0.33971088435374147 0.07222222222222222 0.07738095238095238
1 0.611904761904762 0.29209183673469385 0.06984126984126984 0.08418367346938775
0 0.3281746031746032 0.5905612244897959 0.07063492063492063 0.10629251700680271
2 0.40476190476190477 0.5348639455782312 0.09365079365079365 0.08333333333333333
2 0.49563492063492065 0.477891156462585 0.08174603174603175 0.10374149659863945
1 0.5813492063492064 0.43112244897959184 0.07539682539682539 0.08843537414965986
1 0.6615079365079365 0.3877551020408163 0.06428571428571428 0.08333333333333333
0 0.376984126984127 0.6747448979591837 0.07777777777777778 0.08418367346938775
0 0.4642857142857143 0.6237244897959183 0.07301587301587302 0.07908163265306122
1 0.5496031746031746 0.5778061224489796 0.07539682539682539 0.08078231292517006
1 0.6309523809523809 0.5212585034013605 0.08253968253968254 0.08503401360544217
1 0.7047619047619048 0.4744897959183673 0.06825396825396825 0.07653061224489796
2 0.4261904761904762 0.7636054421768708 0.07301587301587302 0.09013605442176871
0 0.5067460317460317 0.7142857142857143 0.07380952380952381 0.08843537414965986
1 0.5892857142857143 0.665391156462585 0.07857142857142857 0.0858843537414966
0 0.6706349206349206 0.6101190476190476 0.06984126984126984 0.08078231292517006
1 0.7464285714285714 0.5612244897959183 0.06111111111111111 0.07482993197278912
0 0.47658730158730156 0.8269557823129251 0.06904761904761905 0.070578231292517
1 0.5503968253968254 0.7925170068027211 0.08333333333333333 0.08673469387755102
1 0.7095238095238096 0.6977040816326531 0.06825396825396825 0.08418367346938775
0 0.7873015873015873 0.6441326530612245 0.06984126984126984 0.0824829931972789
