1 0.269 0.129375 0.084 0.11625
1 0.2605 0.280625 0.08700000000000001 0.12125
1 0.2685 0.445625 0.089 0.13125
2 0.2675 0.60375 0.091 0.14250000000000002
1 0.266 0.754375 0.094 0.12375
1 0.2705 0.89375 0.081 0.11750000000000001
1 0.3905 0.1225 0.093 0.11750000000000001
0 0.3855 0.273125 0.097 0.14375000000000002
0 0.387 0.4525 0.096 0.1275
0 0.386 0.610625 0.096 0.12875
0 0.3825 0.75625 0.097 0.11750000000000001
0 0.376 0.90375 0.108 0.11750000000000001
0 0.5075000000000001 0.12625 0.097 0.12
0 0.4995 0.2925 0.095 0.1275
1 0.5075000000000001 0.44125000000000003 0.093 0.125
2 0.506 0.60375 0.096 0.11750000000000001
1 0.4965 0.761875 0.089 0.10875
0 0.6315000000000001 0.1225 0.105 0.165
1 0.623 0.2925 0.088 0.125
0 0.622 0.45937500000000003 0.08 0.13375
1 0.622 0.613125 0.08600000000000001 0.11625
0 0.62 0.76375 0.106 0.13
1 0.611 0.91125 0.088 0.125
0 0.757 0.133125 0.12 0.12625
1 0.742 0.28625 0.088 0.11750000000000001
2 0.741 0.45375 0.082 0.1225
1 0.741 0.605 0.09 0.1125
1 0.7415 0.77375 0.091 0.14
0 0.7305 0.90125 0.089 0.1225
