1 0.419187898089172 0.7585616438356164 0.07245222929936306 0.0821917808219178
0 0.5111464968152867 0.71875 0.07484076433121019 0.07791095890410958
2 0.6779458598726115 0.629708904109589 0.07085987261146497 0.09160958904109588
1 0.7535828025477708 0.5774828767123288 0.0820063694267516 0.08304794520547945
1 0.7161624203821656 0.4751712328767123 0.07245222929936306 0.08904109589041095
1 0.6349522292993631 0.5303938356164384 0.07563694267515923 0.0898972602739726
1 0.5449840764331211 0.5732020547945205 0.07404458598726114 0.0898972602739726
1 0.46257961783439494 0.6228595890410958 0.09235668789808918 0.08304794520547945
1 0.3734076433121019 0.6733732876712328 0.08439490445859874 0.09845890410958903
1 0.6771496815286625 0.3779965753424657 0.0820063694267516 0.0898972602739726
1 0.5820063694267517 0.4306506849315068 0.07961783439490447 0.08561643835616438
1 0.5003980891719746 0.47602739726027393 0.08678343949044587 0.0839041095890411
0 0.4156050955414013 0.5278253424657534 0.08280254777070065 0.09503424657534246
2 0.33160828025477707 0.5706335616438356 0.07722929936305734 0.08304794520547945
2 0.2838375796178344 0.4674657534246575 0.06767515923566879 0.0839041095890411
0 0.36544585987261147 0.4362157534246575 0.08280254777070065 0.09332191780821918
1 0.45820063694267515 0.37628424657534243 0.0820063694267516 0.0898972602739726
1 0.5386146496815287 0.3232020547945205 0.07722929936305734 0.09503424657534246
1 0.6297770700636943 0.2949486301369863 0.07961783439490447 0.08304794520547945
1 0.588375796178344 0.19092465753424656 0.08598726114649682 0.08732876712328766
1 0.4940286624203822 0.2251712328767123 0.08359872611464969 0.10273972602739725
1 0.4132165605095542 0.2778253424657534 0.08121019108280256 0.08133561643835616
0 0.31289808917197454 0.33347602739726023 0.09235668789808918 0.08476027397260273
1 0.2372611464968153 0.37628424657534243 0.08121019108280256 0.0898972602739726
