1 0.3716442953020134 0.20935727788279773 0.08053691275167785 0.10680529300567108
1 0.4681208053691275 0.2396030245746692 0.087248322147651 0.09924385633270322
1 0.5763422818791947 0.2736294896030246 0.07885906040268456 0.09924385633270322
0 0.6791107382550335 0.30576559546313803 0.09983221476510067 0.10869565217391304
1 0.764261744966443 0.3445179584120983 0.06711409395973154 0.10491493383742911
1 0.3427013422818792 0.32136105860113423 0.0796979865771812 0.09829867674858224
0 0.43288590604026844 0.3506616257088847 0.08892617449664429 0.09829867674858224
1 0.5453020134228188 0.3941398865784499 0.07885906040268456 0.10396975425330814
1 0.6455536912751678 0.41965973534971646 0.08305369127516779 0.11153119092627599
1 0.736996644295302 0.46408317580340264 0.08137583892617449 0.0888468809073724
2 0.31543624161073824 0.43714555765595464 0.08053691275167785 0.09357277882797732
0 0.40184563758389263 0.4801512287334594 0.08892617449664429 0.11153119092627599
1 0.5121644295302014 0.5113421550094518 0.08473154362416108 0.10964083175803403
1 0.6086409395973155 0.5354442344045369 0.08976510067114093 0.10113421550094519
1 0.6967281879194631 0.5751417769376181 0.08137583892617449 0.10113421550094519
2 0.28942953020134227 0.554820415879017 0.07718120805369127 0.10207939508506617
0 0.3724832214765101 0.5907372400756143 0.07718120805369127 0.09073724007561437
1 0.4681208053691275 0.6195652173913043 0.08557046979865772 0.08223062381852553
1 0.5687919463087249 0.6517013232514178 0.08557046979865772 0.09168241965973535
1 0.6728187919463087 0.6852551984877127 0.07718120805369127 0.1001890359168242
1 0.25461409395973156 0.668241965973535 0.0964765100671141 0.0888468809073724
1 0.35528523489932884 0.7032136105860114 0.08976510067114093 0.09829867674858224
1 0.44253355704697983 0.7273156899810964 0.0796979865771812 0.10491493383742911
1 0.5436241610738255 0.7627599243856333 0.0738255033557047 0.09829867674858224
1 0.6396812080536912 0.7854442344045369 0.08137583892617449 0.0888468809073724
1 0.23783557046979864 0.7594517958412098 0.06459731543624161 0.08034026465028356
1 0.5046140939597316 0.8657844990548205 0.08137583892617449 0.08128544423440454
1 0.6015100671140939 0.8799621928166352 0.06711409395973154 0.08695652173913043
0 0.33053691275167785 0.7986767485822307 0.08221476510067113 0.08506616257088848
