1 0.42536115569823435 0.19033101045296166 0.08186195826645265 0.09320557491289198
1 0.507223113964687 0.22430313588850173 0.0754414125200642 0.09146341463414634
0 0.6143659711075441 0.26306620209059234 0.09871589085072231 0.10104529616724739
0 0.6998394863563403 0.3170731707317073 0.0754414125200642 0.08885017421602788
1 0.7784911717495987 0.35452961672473865 0.07223113964686999 0.08188153310104529
1 0.38362760834670945 0.28222996515679444 0.0738362760834671 0.08885017421602788
1 0.46869983948635635 0.33318815331010454 0.07223113964686999 0.07578397212543554
1 0.5686195826645265 0.36846689895470386 0.09550561797752809 0.08885017421602788
0 0.6484751203852327 0.41202090592334495 0.08025682182985554 0.09059233449477352
1 0.7479935794542536 0.4577526132404181 0.08025682182985554 0.08449477351916376
1 0.3471107544141252 0.38806620209059234 0.07463884430176565 0.0897212543554007
1 0.42857142857142855 0.42726480836236935 0.0754414125200642 0.09843205574912892
1 0.5152487961476725 0.468205574912892 0.0754414125200642 0.09146341463414634
0 0.6059390048154093 0.5139372822299652 0.08025682182985554 0.08536585365853659
0 0.6970304975922953 0.561411149825784 0.08747993579454254 0.09320557491289198
2 0.2985553772070626 0.4843205574912892 0.08186195826645265 0.08362369337979095
1 0.391653290529695 0.5335365853658537 0.07223113964686999 0.08449477351916376
2 0.4819422150882825 0.580574912891986 0.08426966292134831 0.09494773519163763
0 0.5682182985553772 0.617595818815331 0.07704654895666131 0.09581881533101046
1 0.6528892455858748 0.6567944250871081 0.07463884430176565 0.08710801393728224
1 0.2712680577849117 0.5914634146341463 0.07865168539325842 0.09581881533101046
1 0.35192616372391655 0.6267421602787456 0.06982343499197431 0.08275261324041812
1 0.43940609951845905 0.6711672473867596 0.07784911717495988 0.08623693379790941
1 0.5240770465489567 0.7225609756097561 0.06741573033707865 0.09668989547038327
1 0.6095505617977528 0.7582752613240418 0.06821829855537721 0.08101045296167247
1 0.24357945425361155 0.681184668989547 0.07784911717495988 0.09581881533101046
1 0.3182182985553772 0.7290940766550522 0.06982343499197431 0.09059233449477352
0 0.4891653290529695 0.8022648083623694 0.06982343499197431 0.07317073170731707
1 0.5698234349919743 0.8479965156794425 0.07704654895666131 0.0897212543554007
