1 0.2845489443378119 0.20950704225352113 0.09692898272552783 0.13497652582159625
0 0.3944337811900192 0.18838028169014084 0.09021113243761995 0.1396713615023474
0 0.5148752399232246 0.18544600938967137 0.11036468330134357 0.14084507042253522
0 0.6238003838771593 0.18485915492957747 0.09021113243761995 0.12089201877934272
1 0.7389635316698656 0.18955399061032865 0.08637236084452975 0.12323943661971831
1 0.2821497120921305 0.35211267605633806 0.08445297504798464 0.11267605633802817
0 0.39875239923224565 0.3427230046948357 0.09309021113243762 0.1267605633802817
2 0.5158349328214971 0.3550469483568075 0.10460652591170826 0.15610328638497653
0 0.6367562380038387 0.340962441314554 0.10652591170825336 0.13732394366197184
0 0.7490403071017274 0.3227699530516432 0.09884836852207293 0.1267605633802817
0 0.28742802303262954 0.5 0.10076775431861804 0.11971830985915494
0 0.4083493282149712 0.4994131455399061 0.10268714011516314 0.12323943661971831
2 0.5239923224568138 0.4994131455399061 0.10556621880998081 0.12323943661971831
1 0.6410748560460653 0.4970657276995305 0.09980806142034548 0.13262910798122066
0 0.7504798464491362 0.4894366197183099 0.09404990403071017 0.13145539906103287
2 0.29750479846449135 0.653755868544601 0.09213051823416507 0.11502347417840376
2 0.40978886756238003 0.6578638497652582 0.09404990403071017 0.13262910798122066
1 0.5215930902111324 0.6525821596244131 0.10076775431861804 0.13380281690140847
0 0.6473128598848368 0.636150234741784 0.09500959692898273 0.12206572769953052
1 0.755278310940499 0.6203051643192489 0.09404990403071017 0.10446009389671362
2 0.31238003838771594 0.7940140845070423 0.09309021113243762 0.11384976525821597
1 0.41938579654510555 0.7928403755868545 0.09788867562380038 0.13028169014084506
0 0.5345489443378119 0.789906103286385 0.10172744721689059 0.12206572769953052
2 0.6405950095969289 0.7740610328638498 0.0892514395393474 0.11150234741784038
2 0.7514395393474088 0.7687793427230047 0.07869481765834932 0.12441314553990611
1 0.32389635316698656 0.914906103286385 0.0911708253358925 0.10211267605633803
1 0.42610364683301344 0.9137323943661972 0.08829174664107485 0.09976525821596244
1 0.6439539347408829 0.9014084507042254 0.09213051823416507 0.1056338028169014
2 0.7490403071017274 0.8943661971830986 0.0911708253358925 0.11971830985915494
