0 0.23622366288492705 0.3656914893617021 0.09319286871961102 0.09485815602836879
0 0.33468395461912476 0.3182624113475177 0.0826580226904376 0.09929078014184398
0 0.4213938411669368 0.2770390070921986 0.07617504051863858 0.09308510638297872
0 0.5089141004862237 0.2300531914893617 0.07617504051863858 0.08953900709219859
0 0.6008914100486223 0.19281914893617022 0.08508914100486223 0.09663120567375887
1 0.2799837925445705 0.46808510638297873 0.08508914100486223 0.10460992907801418
1 0.3675040518638574 0.4299645390070922 0.07536466774716369 0.10106382978723404
1 0.4623176661264181 0.3829787234042553 0.08833063209076175 0.10106382978723404
0 0.5502431118314425 0.32358156028368795 0.08752025931928686 0.11347517730496454
1 0.6418152350081037 0.2912234042553191 0.07293354943273905 0.08953900709219859
0 0.32698541329011344 0.5771276595744681 0.08184764991896272 0.10106382978723404
0 0.4128849270664505 0.527482269503546 0.09481361426256077 0.09574468085106383
1 0.5016207455429498 0.48936170212765956 0.07941653160453808 0.08865248226950355
1 0.5927876823338736 0.4454787234042553 0.08184764991896272 0.10195035460992907
1 0.6782820097244733 0.4020390070921986 0.08103727714748785 0.09663120567375887
0 0.3691247974068071 0.6666666666666666 0.07698541329011345 0.09397163120567376
0 0.44894651539708263 0.6307624113475178 0.10210696920583467 0.10195035460992907
1 0.5445705024311183 0.586436170212766 0.07941653160453808 0.09131205673758865
0 0.6353322528363047 0.5474290780141844 0.08427876823338736 0.09308510638297872
1 0.7151539708265802 0.5022163120567376 0.07536466774716369 0.09131205673758865
0 0.40964343598055103 0.7646276595744681 0.08184764991896272 0.09308510638297872
1 0.49149108589951374 0.7216312056737588 0.08670988654781199 0.08865248226950355
1 0.5863047001620745 0.688386524822695 0.08184764991896272 0.09485815602836879
0 0.666936790923825 0.6391843971631206 0.08103727714748785 0.0851063829787234
1 0.7512155591572123 0.5997340425531915 0.06969205834683954 0.09663120567375887
1 0.4505672609400324 0.8435283687943262 0.07779578606158832 0.07712765957446809
0 0.5393030794165316 0.811613475177305 0.07536466774716369 0.07358156028368794
1 0.7025931928687196 0.7353723404255319 0.08103727714748785 0.09663120567375887
1 0.78322528363047 0.686613475177305 0.07050243111831442 0.08244680851063829
