0 0.26552013422818793 0.3227788279773157 0.07802013422818792 0.10113421550094519
1 0.3578020134228188 0.28024574669187147 0.0796979865771812 0.11436672967863895
0 0.45931208053691275 0.24716446124763705 0.09144295302013422 0.11058601134215501
0 0.5549496644295302 0.2225897920604915 0.0796979865771812 0.09924385633270322
1 0.6531040268456376 0.2003780718336484 0.08137583892617449 0.0888468809073724
1 0.29446308724832215 0.43620037807183365 0.08221476510067113 0.10113421550094519
0 0.38758389261744963 0.4007561436672968 0.08389261744966443 0.10586011342155009
2 0.48951342281879195 0.3842155009451796 0.09983221476510067 0.11814744801512288
0 0.589765100671141 0.33601134215500944 0.09731543624161074 0.09735349716446125
0 0.6816275167785235 0.30482041587901704 0.0796979865771812 0.09735349716446125
0 0.3187919463087248 0.5510396975425331 0.08557046979865772 0.0945179584120983
0 0.42323825503355705 0.5207939508506616 0.09144295302013422 0.08695652173913043
2 0.5226510067114094 0.4929111531190926 0.09228187919463086 0.09924385633270322
1 0.6174496644295302 0.46408317580340264 0.087248322147651 0.10207939508506617
0 0.7151845637583892 0.43289224952741023 0.08976510067114093 0.10396975425330814
0 0.3565436241610738 0.6658790170132325 0.087248322147651 0.09924385633270322
2 0.4526006711409396 0.6436672967863895 0.0796979865771812 0.10586011342155009
0 0.5427852348993288 0.6096408317580341 0.07885906040268456 0.1001890359168242
1 0.6468120805369127 0.5652173913043479 0.08053691275167785 0.0888468809073724
1 0.7386744966442953 0.532608695652174 0.08473154362416108 0.09168241965973535
2 0.38674496644295303 0.7679584120982987 0.07718120805369127 0.07844990548204159
1 0.48447986577181207 0.750945179584121 0.09479865771812081 0.09546313799621929
0 0.5826342281879194 0.7178638941398866 0.08640939597315436 0.09924385633270322
0 0.6665268456375839 0.6786389413988658 0.07466442953020135 0.09262759924385633
1 0.7646812080536912 0.6483931947069943 0.08305369127516779 0.09829867674858224
1 0.4186241610738255 0.8662570888468809 0.07718120805369127 0.07655954631379962
1 0.5100671140939598 0.8431001890359169 0.07718120805369127 0.08128544423440454
1 0.6921140939597316 0.780718336483932 0.0721476510067114 0.09073724007561437
2 0.777265100671141 0.7551984877126654 0.07466442953020135 0.09829867674858224
