1 0.3634380453752182 0.18901209677419353 0.07417102966841187 0.10181451612903225
2 0.4637870855148342 0.21522177419354838 0.08464223385689354 0.11391129032258064
2 0.5698080279232112 0.23538306451612903 0.08202443280977313 0.10181451612903225
1 0.6679755671902269 0.27066532258064513 0.08464223385689354 0.11189516129032258
2 0.768324607329843 0.29536290322580644 0.07766143106457243 0.10887096774193548
2 0.3398778359511344 0.30997983870967744 0.07766143106457243 0.09979838709677419
1 0.4393542757417103 0.3402217741935484 0.0881326352530541 0.10181451612903225
1 0.543630017452007 0.35786290322580644 0.08551483420593368 0.11491935483870967
2 0.6413612565445026 0.3966733870967742 0.08376963350785341 0.10181451612903225
1 0.7473821989528796 0.41431451612903225 0.08987783595113438 0.10887096774193548
2 0.30148342059336825 0.453125 0.08289703315881326 0.11391129032258064
1 0.4083769633507853 0.4601814516129032 0.08376963350785341 0.09778225806451613
2 0.5126527050610821 0.4944556451612903 0.10383944153577662 0.1159274193548387
1 0.6269633507853404 0.5186491935483871 0.09336823734729494 0.11189516129032258
2 0.7255671902268761 0.5418346774193549 0.08987783595113438 0.10584677419354839
1 0.2901396160558464 0.5574596774193549 0.07242582897033159 0.0967741935483871
1 0.38089005235602097 0.5917338709677419 0.10034904013961606 0.10483870967741934
1 0.4973821989528796 0.6204637096774194 0.08726003490401396 0.10584677419354839
1 0.5903141361256544 0.6436491935483871 0.07940663176265271 0.09979838709677419
0 0.7024432809773125 0.6779233870967741 0.09598603839441536 0.12399193548387097
0 0.27137870855148344 0.6834677419354839 0.08027923211169284 0.10483870967741934
1 0.36736474694589877 0.7071572580645161 0.08202443280977313 0.10181451612903225
1 0.5671902268760908 0.7610887096774194 0.08551483420593368 0.09475806451612903
2 0.6710296684118674 0.7767137096774194 0.08726003490401396 0.10181451612903225
