0 0.25364667747163694 0.338209219858156 0.07455429497568881 0.09485815602836879
0 0.28687196110210694 0.4445921985815603 0.08103727714748785 0.09131205673758865
0 0.6892220421393841 0.3807624113475177 0.07536466774716369 0.09308510638297872
0 0.6422204213938412 0.27615248226950356 0.08508914100486223 0.09663120567375887
0 0.7273095623987034 0.47650709219858156 0.08022690437601296 0.09308510638297872
0 0.7556726094003241 0.5780141843971631 0.06888168557536467 0.0851063829787234
0 0.36871961102106965 0.6542553191489362 0.08103727714748785 0.09574468085106383
0 0.4161264181523501 0.7433510638297872 0.08670988654781199 0.08776595744680851
2 0.5190437601296596 0.2078900709219858 0.08346839546191248 0.09485815602836879
2 0.5522690437601296 0.31117021276595747 0.07698541329011345 0.08687943262411348
2 0.516612641815235 0.4574468085106383 0.08508914100486223 0.09574468085106383
2 0.4238249594813614 0.5035460992907801 0.09238249594813613 0.0975177304964539
2 0.32455429497568883 0.5425531914893617 0.07860615883306321 0.08865248226950355
2 0.5425445705024311 0.7978723404255319 0.07374392220421394 0.09042553191489361
2 0.7921393841166936 0.6622340425531915 0.06564019448946515 0.0797872340425532
1 0.33752025931928686 0.29920212765957444 0.07860615883306321 0.08776595744680851
1 0.42747163695299834 0.24867021276595744 0.07698541329011345 0.100177304964539
1 0.46758508914100483 0.3457446808510638 0.07455429497568881 0.09397163120567376
1 0.3792544570502431 0.39671985815602834 0.06969205834683954 0.08421985815602837
1 0.596029173419773 0.41400709219858156 0.07374392220421394 0.08687943262411348
1 0.63290113452188 0.5164007092198581 0.07455429497568881 0.09308510638297872
1 0.549837925445705 0.5629432624113475 0.08022690437601296 0.08865248226950355
1 0.45664505672609396 0.6085992907801419 0.07698541329011345 0.08599290780141844
1 0.5883306320907618 0.6644503546099291 0.07455429497568881 0.09663120567375887
2 0.49594813614262556 0.7096631205673759 0.07617504051863858 0.08599290780141844
1 0.6815235008103727 0.625 0.07617504051863858 0.09397163120567376
1 0.7200162074554295 0.714982269503546 0.08346839546191248 0.08067375886524822
1 0.4485413290113452 0.8262411347517731 0.07050243111831442 0.0726950354609929
1 0.6053484602917342 0.17686170212765956 0.08103727714748785 0.08953900709219859
