2 0.24429967426710097 0.36449016100178894 0.07654723127035831 0.08676207513416816
1 0.3216612377850163 0.3269230769230769 0.07817589576547232 0.09212880143112702
0 0.4226384364820847 0.26699463327370304 0.08306188925081434 0.09033989266547406
2 0.50814332247557 0.2392665474060823 0.08143322475570033 0.10286225402504472
1 0.6001628664495114 0.19588550983899822 0.07166123778501629 0.08586762075134169
1 0.28379478827361565 0.46958855098389984 0.0724755700325733 0.08586762075134169
2 0.36522801302931596 0.4315742397137746 0.06758957654723127 0.09033989266547406
2 0.45724755700325737 0.39087656529516995 0.0741042345276873 0.11806797853309481
0 0.5460097719869708 0.33944543828264756 0.07736156351791532 0.0885509838998211
2 0.6445439739413681 0.3041144901610018 0.07899022801302932 0.09481216457960644
1 0.32532573289902283 0.5773703041144902 0.07736156351791532 0.09570661896243292
2 0.40960912052117265 0.5362254025044723 0.06677524429967427 0.09391771019677997
1 0.4947068403908795 0.48389982110912344 0.07573289902280131 0.07871198568872988
0 0.5863192182410424 0.4490161001788909 0.08143322475570033 0.1037567084078712
1 0.6730456026058632 0.4033989266547406 0.06758957654723127 0.09302325581395349
0 0.36522801302931596 0.6788908765652951 0.07736156351791532 0.1001788908765653
0 0.44991856677524433 0.6440071556350626 0.07573289902280131 0.1037567084078712
1 0.5386807817589577 0.601520572450805 0.06270358306188925 0.08318425760286226
0 0.6278501628664496 0.5496422182468694 0.06351791530944625 0.08676207513416816
0 0.7133550488599348 0.5044722719141324 0.0749185667752443 0.09838998211091235
1 0.40716612377850164 0.7741502683363148 0.06840390879478828 0.08676207513416816
0 0.496742671009772 0.7392665474060823 0.08143322475570033 0.09928443649373882
1 0.5781758957654723 0.6887298747763864 0.07166123778501629 0.08586762075134169
2 0.6771172638436482 0.6502683363148479 0.08387622149837134 0.1001788908765653
2 0.7487785016286646 0.6077817531305904 0.06758957654723127 0.09391771019677997
0 0.7817589576547231 0.7003577817531306 0.06026058631921825 0.08407871198568873
0 0.6938110749185669 0.7383720930232558 0.06840390879478828 0.07602862254025045
0 0.5285016286644951 0.8278175313059034 0.08143322475570033 0.09391771019677997
0 0.45154723127035834 0.860912343470483 0.08224755700325734 0.09212880143112702
