0 0.3525305410122164 0.18397177419354838 0.07678883071553229 0.09576612903225806
0 0.4476439790575916 0.19959677419354838 0.08027923211169284 0.10282258064516128
2 0.5549738219895288 0.2162298387096774 0.08900523560209424 0.10584677419354839
2 0.6727748691099477 0.25302419354838707 0.08202443280977313 0.10887096774193548
2 0.6465968586387435 0.3744959677419355 0.07853403141361257 0.09778225806451613
1 0.7657068062827225 0.28326612903225806 0.08115183246073299 0.12903225806451613
0 0.32722513089005234 0.30443548387096775 0.07504363001745201 0.11088709677419355
1 0.4328097731239093 0.3195564516129032 0.08900523560209424 0.10685483870967742
1 0.5397033158813264 0.3482862903225806 0.07766143106457243 0.1159274193548387
0 0.7408376963350786 0.4032258064516129 0.0924956369982548 0.10282258064516128
0 0.30279232111692844 0.42691532258064513 0.08202443280977313 0.10383064516129031
0 0.40794066317626526 0.453125 0.08289703315881326 0.11391129032258064
1 0.5095986038394416 0.4742943548387097 0.08376963350785341 0.10584677419354839
0 0.6195462478184991 0.49899193548387094 0.0924956369982548 0.10282258064516128
0 0.7190226876090751 0.5246975806451613 0.08726003490401396 0.10383064516129031
1 0.28883071553228623 0.5514112903225806 0.08202443280977313 0.10483870967741934
1 0.38917975567190227 0.5811491935483871 0.08726003490401396 0.11391129032258064
1 0.49694589877835954 0.6108870967741935 0.08987783595113438 0.10282258064516128
1 0.6029668411867365 0.6360887096774194 0.10645724258289703 0.10685483870967742
0 0.6993891797556719 0.6496975806451613 0.08464223385689354 0.09778225806451613
1 0.26527050610820246 0.6688508064516129 0.08376963350785341 0.09778225806451613
1 0.36082024432809773 0.6975806451612903 0.08987783595113438 0.0967741935483871
1 0.46902268760907506 0.734375 0.08289703315881326 0.10584677419354839
1 0.5645724258289704 0.7515120967741935 0.1012216404886562 0.10181451612903225
1 0.6697207678883071 0.7671370967741935 0.07591623036649214 0.09274193548387097
1 0.6474694589877836 0.8765120967741935 0.08726003490401396 0.09173387096774194
1 0.5466841186736475 0.8669354838709677 0.08987783595113438 0.10887096774193548
1 0.349912739965096 0.8125 0.0924956369982548 0.0967741935483871
0 0.2534904013961606 0.7807459677419355 0.07417102966841187 0.08568548387096774
