2 0.2655 0.180625 0.08700000000000001 0.13625
0 0.37 0.17875 0.094 0.1375
0 0.506 0.15875 0.096 0.14
2 0.6185 0.165 0.097 0.155
1 0.7405 0.1625 0.091 0.12
1 0.2605 0.328125 0.077 0.10875
2 0.3755 0.326875 0.08700000000000001 0.13125
2 0.502 0.33437500000000003 0.096 0.16625
0 0.616 0.320625 0.092 0.11375
2 0.7505000000000001 0.33187500000000003 0.10300000000000001 0.13125
1 0.2665 0.496875 0.083 0.12375
2 0.378 0.496875 0.09 0.13375
1 0.501 0.484375 0.1 0.12125
0 0.6245 0.48 0.101 0.14
1 0.738 0.479375 0.084 0.12125
0 0.2735 0.65375 0.093 0.1375
0 0.3875 0.6575 0.105 0.1475
1 0.508 0.66 0.082 0.125
0 0.629 0.644375 0.08600000000000001 0.11875000000000001
0 0.743 0.6325000000000001 0.106 0.145
1 0.2805 0.796875 0.089 0.11375
0 0.399 0.810625 0.1 0.14375000000000002
1 0.5125 0.793125 0.099 0.11375
0 0.64 0.795 0.106 0.135
2 0.738 0.7831250000000001 0.092 0.12875
0 0.28750000000000003 0.935 0.08700000000000001 0.1225
0 0.403 0.938125 0.108 0.11625
0 0.62 0.9243750000000001 0.094 0.10125
0 0.74 0.92 0.088 0.11750000000000001
