0 0.24873096446700507 0.3030592734225621 0.08798646362098138 0.10516252390057361
0 0.37140439932318103 0.380019120458891 0.08121827411167512 0.0965583173996176
0 0.6954314720812182 0.40009560229445507 0.07614213197969542 0.09847036328871893
0 0.6383248730964467 0.5434990439770554 0.07191201353637902 0.08317399617590822
0 0.31006768189509304 0.5291586998087954 0.08037225042301184 0.0965583173996176
0 0.5748730964467005 0.7041108986615678 0.08883248730964467 0.1022944550669216
0 0.4949238578680203 0.8365200764818356 0.08460236886632826 0.09942638623326959
0 0.4048223350253807 0.8565965583173996 0.07360406091370558 0.0841300191204589
0 0.633248730964467 0.17399617590822178 0.0871404399323181 0.10133843212237094
0 0.6717428087986463 0.2925430210325048 0.08121827411167512 0.10707456978967494
0 0.748730964467005 0.6295411089866156 0.07952622673434856 0.08891013384321224
1 0.344331641285956 0.27581261950286806 0.08460236886632826 0.11185468451242829
1 0.444585448392555 0.23948374760994262 0.0820642978003384 0.10420650095602293
1 0.5397631133671743 0.19980879541108987 0.077834179357022 0.09751434034416825
1 0.570642978003384 0.3173996175908222 0.10575296108291032 0.09751434034416825
1 0.4665820642978003 0.3417782026768642 0.08375634517766498 0.09464627151051624
1 0.27580372250423013 0.41778202676864246 0.08460236886632826 0.09177820267686423
1 0.3993231810490694 0.502868068833652 0.08967851099830795 0.09751434034416825
1 0.5016920473773265 0.45936902485659653 0.07614213197969542 0.12332695984703633
1 0.6070219966159053 0.44694072657743783 0.07191201353637902 0.0965583173996176
1 0.7284263959390863 0.5224665391969407 0.08629441624365482 0.11376673040152964
1 0.6802030456852791 0.7777246653919694 0.077834179357022 0.08891013384321224
1 0.5363790186125211 0.5865200764818356 0.07952622673434856 0.10803059273422562
1 0.46573604060913704 0.7404397705544933 0.0922165820642978 0.09273422562141491
2 0.42681895093062605 0.6233269598470363 0.08375634517766498 0.0898661567877629
2 0.3413705583756345 0.644359464627151 0.07868020304568528 0.08604206500956023
2 0.37055837563451777 0.7609942638623327 0.0727580372250423 0.0898661567877629
2 0.6620135363790186 0.6682600382409177 0.07021996615905245 0.10325047801147227
2 0.7736886632825719 0.7275334608030593 0.06345177664974619 0.08795411089866156
