1 0.36833333333333335 0.2672897196261682 0.08166666666666667 0.09906542056074767
0 0.465 0.294392523364486 0.085 0.09532710280373832
1 0.5495833333333334 0.3383177570093458 0.10083333333333334 0.11588785046728972
2 0.66125 0.36962616822429906 0.09250000000000001 0.09626168224299066
1 0.7408333333333333 0.4060747663551402 0.07333333333333333 0.08130841121495327
0 0.32916666666666666 0.3710280373831776 0.07333333333333333 0.08785046728971962
1 0.42500000000000004 0.41028037383177574 0.08 0.10093457943925234
0 0.52125 0.4546728971962617 0.08416666666666667 0.1
1 0.61375 0.49065420560747663 0.0775 0.09532710280373832
1 0.71625 0.5126168224299066 0.08416666666666667 0.08130841121495327
2 0.30041666666666667 0.491588785046729 0.07916666666666668 0.09532710280373832
0 0.38875000000000004 0.5257009345794392 0.08416666666666667 0.08878504672897197
0 0.4829166666666667 0.5602803738317758 0.0975 0.09252336448598131
0 0.5816666666666667 0.5957943925233645 0.085 0.09065420560747664
0 0.6737500000000001 0.633177570093458 0.0775 0.09439252336448599
0 0.27708333333333335 0.5929906542056075 0.06916666666666667 0.08130841121495327
1 0.35833333333333334 0.641588785046729 0.08166666666666667 0.1
0 0.46208333333333335 0.6771028037383178 0.08583333333333334 0.1
1 0.555 0.7158878504672898 0.07500000000000001 0.10467289719626169
1 0.6483333333333334 0.733177570093458 0.08833333333333333 0.09065420560747664
2 0.25 0.7037383177570093 0.07833333333333334 0.102803738317757
1 0.3379166666666667 0.7425233644859813 0.07916666666666668 0.08878504672897197
1 0.43041666666666667 0.7789719626168224 0.07250000000000001 0.08691588785046729
1 0.5195833333333334 0.8070093457943925 0.0775 0.07757009345794393
1 0.6070833333333334 0.8313084112149534 0.0775 0.08504672897196262
