0 0.2725 0.15687500000000001 0.101 0.13125
0 0.393 0.155 0.088 0.135
0 0.518 0.150625 0.094 0.13875
1 0.6375000000000001 0.160625 0.097 0.12625
0 0.749 0.1625 0.08600000000000001 0.115
0 0.27 0.32 0.1 0.1325
1 0.395 0.315 0.094 0.135
1 0.5225 0.313125 0.111 0.13875
0 0.6425 0.315625 0.101 0.14125000000000001
1 0.751 0.311875 0.094 0.13125
0 0.2765 0.47500000000000003 0.093 0.1275
1 0.39 0.473125 0.11800000000000001 0.14125000000000001
1 0.52 0.4825 0.10400000000000001 0.135
0 0.6455 0.474375 0.105 0.14875
1 0.7605000000000001 0.469375 0.097 0.13625
0 0.2765 0.633125 0.109 0.14375000000000002
0 0.3895 0.62625 0.099 0.125
2 0.51 0.63875 0.1 0.1275
0 0.632 0.6475 0.096 0.14250000000000002
1 0.7565000000000001 0.6275000000000001 0.093 0.125
1 0.28350000000000003 0.77375 0.085 0.11
1 0.3955 0.78625 0.093 0.12
2 0.5215 0.7887500000000001 0.093 0.1225
1 0.6405 0.789375 0.097 0.11625
1 0.753 0.78 0.1 0.1275
1 0.293 0.9187500000000001 0.094 0.12
2 0.403 0.923125 0.094 0.11125
1 0.64 0.9225 0.10200000000000001 0.11
1 0.743 0.915625 0.09 0.12125
