0 0.3312159709618875 0.17542918454935622 0.08892921960072595 0.11909871244635194
0 0.4423774954627949 0.19527896995708155 0.09165154264972776 0.13090128755364808
0 0.5530852994555354 0.20332618025751073 0.09346642468239565 0.1276824034334764
1 0.6556261343012704 0.23068669527896996 0.08620689655172413 0.11802575107296137
0 0.7554446460980035 0.2446351931330472 0.07713248638838476 0.09012875536480687
0 0.31215970961887474 0.3111587982832618 0.07803992740471868 0.1072961373390558
1 0.42241379310344823 0.3267167381974249 0.08257713248638839 0.11266094420600858
1 0.5408348457350272 0.34549356223175964 0.11070780399274047 0.13090128755364808
0 0.6415607985480943 0.361587982832618 0.09074410163339383 0.11802575107296137
1 0.7431941923774954 0.37768240343347637 0.0852994555353902 0.1223175965665236
0 0.2999092558983666 0.4468884120171674 0.08983666061705989 0.11266094420600858
1 0.4029038112522686 0.4619098712446352 0.10526315789473684 0.13197424892703863
1 0.5208711433756805 0.4876609442060086 0.0925589836660617 0.12339055793991416
2 0.6274954627949183 0.4892703862660944 0.08257713248638839 0.1072961373390558
1 0.735934664246824 0.5155579399141631 0.09074410163339383 0.1276824034334764
0 0.28448275862068967 0.5772532188841202 0.08983666061705989 0.12446351931330472
0 0.38838475499092556 0.592274678111588 0.0852994555353902 0.11373390557939914
2 0.49637023593466423 0.6217811158798283 0.0925589836660617 0.12124463519313304
0 0.602540834845735 0.6459227467811158 0.09437386569872958 0.11802575107296137
1 0.7132486388384754 0.6464592274678111 0.07622504537205081 0.10193133047210301
1 0.27813067150635207 0.7022532188841202 0.07531760435571687 0.09334763948497854
1 0.2704174228675136 0.8245708154506438 0.07985480943738657 0.10407725321888411
2 0.3688747731397459 0.8438841201716738 0.08802177858439202 0.09549356223175966
1 0.3779491833030853 0.7285407725321889 0.08802177858439202 0.11373390557939914
2 0.4841197822141561 0.7435622317596566 0.07713248638838476 0.09442060085836909
1 0.5975499092558983 0.7682403433476395 0.08983666061705989 0.1072961373390558
1 0.6950998185117967 0.7736051502145923 0.07622504537205081 0.10300429184549356
1 0.5807622504537204 0.8771459227467812 0.09437386569872958 0.08690987124463519
1 0.676950998185118 0.8905579399141631 0.07622504537205081 0.09656652360515021
