0 0.2715 0.15375 0.093 0.13
2 0.382 0.1475 0.11 0.14250000000000002
1 0.5005000000000001 0.1525 0.097 0.1275
0 0.6205 0.15687500000000001 0.10300000000000001 0.12625
1 0.739 0.165 0.094 0.1275
1 0.264 0.29625 0.10200000000000001 0.135
1 0.3805 0.306875 0.097 0.13125
0 0.501 0.31375000000000003 0.10400000000000001 0.14
0 0.6225 0.30125 0.105 0.1375
0 0.74 0.31875000000000003 0.098 0.13
0 0.263 0.470625 0.10400000000000001 0.14125000000000001
1 0.383 0.46187500000000004 0.094 0.12875
1 0.504 0.4625 0.11 0.135
1 0.629 0.47500000000000003 0.10200000000000001 0.1575
0 0.739 0.476875 0.096 0.13625
2 0.2675 0.6175 0.095 0.12
2 0.372 0.64125 0.106 0.155
0 0.5045000000000001 0.629375 0.097 0.12875
1 0.6215 0.633125 0.101 0.13625
1 0.7405 0.624375 0.101 0.13625
2 0.2635 0.776875 0.107 0.14375000000000002
1 0.377 0.781875 0.094 0.12625
1 0.504 0.785 0.1 0.135
0 0.6275000000000001 0.785625 0.109 0.15375
2 0.73 0.77875 0.076 0.125
2 0.2725 0.914375 0.099 0.12625
1 0.382 0.910625 0.096 0.12125
1 0.609 0.91625 0.094 0.115
1 0.7325 0.9081250000000001 0.099 0.10875
