2 0.42555732484076436 0.21232876712328766 0.07085987261146497 0.0839041095890411
0 0.5003980891719746 0.25128424657534243 0.07245222929936306 0.08304794520547945
0 0.5995222929936306 0.2953767123287671 0.08439490445859874 0.0976027397260274
2 0.679140127388535 0.3416095890410959 0.08121019108280256 0.10273972602739725
1 0.7659235668789809 0.3904109589041096 0.07165605095541401 0.08561643835616438
1 0.3761942675159236 0.3047945205479452 0.0660828025477707 0.08561643835616438
2 0.4629777070063695 0.348458904109589 0.07404458598726114 0.0839041095890411
2 0.5489649681528662 0.3985445205479452 0.0820063694267516 0.10702054794520548
0 0.6361464968152867 0.43493150684931503 0.07165605095541401 0.0839041095890411
2 0.7241242038216561 0.49400684931506844 0.08041401273885351 0.0976027397260274
1 0.3355891719745223 0.4092465753424657 0.06926751592356688 0.08561643835616438
2 0.41600318471337583 0.45077054794520544 0.06926751592356688 0.07791095890410958
1 0.5035828025477708 0.4905821917808219 0.0820063694267516 0.0821917808219178
0 0.5911624203821656 0.5368150684931506 0.07722929936305734 0.08732876712328766
1 0.6751592356687899 0.5779109589041096 0.08121019108280256 0.08047945205479451
0 0.2906050955414013 0.509417808219178 0.07961783439490447 0.0958904109589041
0 0.36982484076433125 0.5475171232876712 0.08678343949044587 0.09503424657534246
1 0.4562101910828026 0.5988869863013698 0.06528662420382166 0.08304794520547945
0 0.5501592356687899 0.6374143835616438 0.0732484076433121 0.08647260273972603
2 0.6345541401273885 0.6780821917808219 0.089171974522293 0.09075342465753425
1 0.2567675159235669 0.603167808219178 0.07085987261146497 0.08304794520547945
2 0.33757961783439494 0.6502568493150684 0.07802547770700638 0.09845890410958903
1 0.42555732484076436 0.6845034246575342 0.07563694267515923 0.08647260273972603
2 0.5155254777070064 0.7345890410958904 0.07085987261146497 0.09246575342465753
2 0.5887738853503185 0.7636986301369862 0.07085987261146497 0.07705479452054795
0 0.22332802547770703 0.6904965753424657 0.07722929936305734 0.0881849315068493
0 0.304140127388535 0.7320205479452054 0.089171974522293 0.08904109589041095
0 0.4653662420382166 0.8043664383561644 0.06767515923566879 0.0761986301369863
0 0.5505573248407644 0.8505993150684931 0.06449044585987261 0.08304794520547945
