0 0.2755 0.15375 0.10300000000000001 0.1325
1 0.388 0.148125 0.10200000000000001 0.13375
1 0.5085000000000001 0.146875 0.095 0.12375
1 0.6285000000000001 0.14250000000000002 0.10300000000000001 0.1325
1 0.7445 0.149375 0.105 0.13375
1 0.2735 0.304375 0.109 0.12875
0 0.391 0.299375 0.096 0.14375000000000002
1 0.512 0.29 0.10200000000000001 0.145
1 0.635 0.29875 0.128 0.1375
1 0.7545000000000001 0.309375 0.093 0.14125000000000001
0 0.2785 0.46 0.097 0.135
1 0.389 0.46125 0.10400000000000001 0.15
2 0.515 0.45875 0.108 0.1525
1 0.637 0.473125 0.1 0.13375
0 0.7515000000000001 0.45437500000000003 0.093 0.13875
1 0.2775 0.618125 0.095 0.12375
2 0.388 0.625 0.098 0.1125
1 0.5155 0.62125 0.105 0.14250000000000002
0 0.6465 0.615625 0.099 0.11875000000000001
1 0.7575000000000001 0.63 0.105 0.16
2 0.28200000000000003 0.77625 0.09 0.1325
1 0.3925 0.781875 0.113 0.12125
0 0.523 0.784375 0.1 0.12375
0 0.632 0.775 0.108 0.135
2 0.747 0.763125 0.096 0.10875
2 0.744 0.8975 0.09 0.1125
1 0.6275000000000001 0.913125 0.097 0.10625
0 0.399 0.9237500000000001 0.112 0.11750000000000001
0 0.2885 0.90375 0.091 0.1
