0 0.2645 0.17500000000000002 0.079 0.1225
1 0.379 0.161875 0.092 0.12125
2 0.5065000000000001 0.15625 0.101 0.1375
1 0.626 0.160625 0.088 0.12625
1 0.742 0.165 0.096 0.11750000000000001
0 0.2565 0.3275 0.091 0.115
0 0.3915 0.326875 0.099 0.13875
0 0.507 0.31875000000000003 0.092 0.1325
1 0.6335000000000001 0.306875 0.093 0.14125000000000001
1 0.749 0.31 0.094 0.1475
2 0.2705 0.49625 0.093 0.13
0 0.392 0.481875 0.088 0.13625
2 0.5135 0.48625 0.093 0.145
0 0.635 0.48125 0.096 0.14
1 0.7585000000000001 0.46625 0.099 0.13
1 0.28 0.655 0.1 0.1525
2 0.393 0.6475 0.094 0.125
0 0.5275 0.64 0.107 0.1275
1 0.637 0.63625 0.096 0.1325
2 0.754 0.623125 0.096 0.12875
2 0.28250000000000003 0.791875 0.095 0.12125
2 0.397 0.7993750000000001 0.112 0.13125
0 0.519 0.803125 0.1 0.15125
0 0.65 0.780625 0.098 0.12375
0 0.758 0.779375 0.096 0.15625
0 0.303 0.933125 0.096 0.12625
1 0.41600000000000004 0.93 0.084 0.11
1 0.636 0.91625 0.08600000000000001 0.1075
1 0.753 0.909375 0.09 0.11875000000000001
