0 0.2487785016286645 0.3542039355992844 0.07084690553745929 0.08586762075134169
2 0.32858306188925085 0.3184257602862254 0.08387622149837134 0.08944543828264759
2 0.4218241042345277 0.268783542039356 0.07980456026058633 0.09749552772808587
1 0.5126221498371336 0.22450805008944544 0.07736156351791532 0.09838998211091235
2 0.6017915309446255 0.19901610017889088 0.08143322475570033 0.09033989266547406
1 0.28420195439739415 0.45706618962432916 0.0749185667752443 0.09838998211091235
1 0.36237785016286644 0.4199463327370304 0.07817589576547232 0.09212880143112702
2 0.4486970684039088 0.37835420393559926 0.10423452768729642 0.10554561717352415
1 0.5541530944625408 0.3358676207513417 0.08061889250814333 0.08676207513416816
1 0.637214983713355 0.2960644007155635 0.06921824104234528 0.08586762075134169
0 0.3184039087947883 0.5684257602862254 0.07654723127035831 0.10107334525939177
2 0.4014657980456026 0.524597495527728 0.0993485342019544 0.08318425760286226
1 0.502442996742671 0.4785330948121646 0.08631921824104236 0.10196779964221825
1 0.5960912052117264 0.43917710196779963 0.09283387622149837 0.08586762075134169
1 0.6767100977198698 0.3998211091234347 0.06188925081433225 0.08050089445438283
0 0.3558631921824104 0.667262969588551 0.09283387622149837 0.09123434704830054
0 0.45724755700325737 0.6292486583184258 0.08224755700325734 0.08318425760286226
1 0.5447882736156352 0.5849731663685153 0.08143322475570033 0.09302325581395349
1 0.636400651465798 0.5384615384615384 0.09527687296416938 0.09660107334525939
1 0.7084690553745928 0.49731663685152055 0.07166123778501629 0.09481216457960644
2 0.3986156351791531 0.7683363148479427 0.07899022801302932 0.09481216457960644
0 0.48737785016286644 0.721824686940966 0.08061889250814333 0.07513416815742398
1 0.5846905537459284 0.6775491949910555 0.08143322475570033 0.08497316636851521
0 0.6583876221498371 0.6292486583184258 0.08387622149837134 0.07245080500894455
1 0.7528501628664496 0.5943649373881932 0.08061889250814333 0.07602862254025045
0 0.4401465798045603 0.8385509838998211 0.061074918566775244 0.06708407871198568
1 0.5248371335504887 0.8130590339892666 0.08550488599348535 0.07334525939177101
1 0.6986970684039088 0.7316636851520573 0.0749185667752443 0.08765652951699464
0 0.7793159609120521 0.6784436493738819 0.0749185667752443 0.0778175313059034
