1 0.3397666068222621 0.15664556962025314 0.08348294434470377 0.11075949367088607
1 0.4403052064631957 0.17246835443037972 0.07809694793536805 0.11919831223628691
0 0.5489228007181328 0.1951476793248945 0.08348294434470377 0.11181434599156118
0 0.6561938958707361 0.20569620253164556 0.08078994614003591 0.13080168776371306
0 0.7634649910233393 0.23892405063291136 0.09784560143626571 0.11286919831223628
1 0.30969479353680435 0.27742616033755274 0.0718132854578097 0.10759493670886075
1 0.29757630161579895 0.41666666666666663 0.07809694793536805 0.11181434599156118
2 0.2764811490125673 0.5606540084388185 0.07719928186714542 0.13185654008438819
1 0.263016157989228 0.6777426160337552 0.0843806104129264 0.11919831223628691
1 0.2535906642728905 0.7995780590717299 0.08168761220825853 0.09915611814345991
0 0.3464991023339318 0.8196202531645569 0.08797127468581688 0.10970464135021096
1 0.5556552962298026 0.865506329113924 0.07899461400359067 0.11075949367088607
0 0.6566427289048474 0.8697257383966244 0.07989228007181329 0.10021097046413502
1 0.6781867145421904 0.7621308016877637 0.07989228007181329 0.1170886075949367
0 0.5677737881508079 0.7426160337552742 0.07809694793536805 0.10759493670886075
1 0.4649910233393178 0.7183544303797468 0.07360861759425494 0.09915611814345991
0 0.3649012567324955 0.6914556962025316 0.08348294434470377 0.09599156118143459
0 0.38330341113105926 0.5712025316455696 0.07719928186714542 0.11075949367088607
0 0.4021543985637343 0.4425105485232067 0.07899461400359067 0.10864978902953586
0 0.4263913824057451 0.2927215189873417 0.07719928186714542 0.10864978902953586
0 0.5210951526032316 0.32594936708860756 0.07809694793536805 0.10337552742616032
1 0.5139138240574507 0.4562236286919831 0.0888689407540395 0.11919831223628691
2 0.4919210053859964 0.5933544303797468 0.08078994614003591 0.11497890295358648
2 0.7194793536804309 0.4973628691983122 0.08707360861759426 0.10443037974683543
1 0.6382405745062837 0.35179324894514763 0.08617594254937164 0.10021097046413502
0 0.61983842010772 0.4836497890295358 0.07809694793536805 0.11286919831223628
1 0.7387791741472173 0.3602320675105485 0.09156193895870736 0.10443037974683543
2 0.599640933572711 0.6197257383966244 0.09156193895870736 0.11075949367088607
1 0.6997307001795332 0.6276371308016877 0.08527827648114901 0.10970464135021096
