1 0.3039927404718693 0.22210300429184548 0.08892921960072595 0.1072961373390558
2 0.4174228675136116 0.23336909871244635 0.09800362976406533 0.11909871244635194
1 0.528584392014519 0.2478540772532189 0.09165154264972776 0.11587982832618025
2 0.6479128856624319 0.26824034334763946 0.09437386569872958 0.12446351931330472
1 0.7522686025408348 0.2854077253218884 0.08892921960072595 0.1223175965665236
1 0.294010889292196 0.361587982832618 0.0852994555353902 0.10944206008583691
0 0.39428312159709616 0.38143776824034337 0.08802177858439202 0.12124463519313304
2 0.5077132486388385 0.3953862660944206 0.11161524500907441 0.1255364806866953
2 0.6297640653357531 0.4050429184549356 0.09618874773139746 0.13412017167381973
0 0.7386569872958257 0.4248927038626609 0.08348457350272231 0.12660944206008584
2 0.2803992740471869 0.4989270386266094 0.08711433756805807 0.11802575107296137
0 0.38430127041742285 0.5107296137339056 0.08983666061705989 0.1223175965665236
1 0.4895644283121597 0.552038626609442 0.08983666061705989 0.12124463519313304
0 0.6111615245009074 0.5563304721030042 0.10072595281306715 0.13197424892703863
0 0.7177858439201452 0.5654506437768241 0.09437386569872958 0.11373390557939914
0 0.26678765880217786 0.630901287553648 0.09074410163339383 0.12017167381974249
1 0.3761343012704174 0.6582618025751072 0.09165154264972776 0.1255364806866953
0 0.4764065335753176 0.671137339055794 0.09618874773139746 0.10836909871244635
0 0.5934664246823956 0.6866952789699571 0.09800362976406533 0.11158798283261803
1 0.6969147005444646 0.6931330472103004 0.0852994555353902 0.10944206008583691
0 0.2599818511796733 0.7585836909871244 0.08439201451905626 0.12446351931330472
1 0.36343012704174227 0.7725321888412017 0.08439201451905626 0.09442060085836909
0 0.4591651542649728 0.7972103004291845 0.10344827586206896 0.11373390557939914
2 0.5712341197822142 0.8133047210300429 0.09346642468239565 0.1072961373390558
0 0.6733212341197822 0.8267167381974249 0.08348457350272231 0.1148068669527897
0 0.24773139745916514 0.8589055793991416 0.09618874773139746 0.0890557939914163
1 0.34891107078039924 0.8782188841201717 0.08439201451905626 0.07832618025751073
1 0.5490018148820327 0.9141630901287554 0.09618874773139746 0.07725321888412018
0 0.6538112522686025 0.9254291845493562 0.08257713248638839 0.0740343347639485
