1 0.42174629324546953 0.1425959780621572 0.06754530477759473 0.08409506398537477
0 0.5181219110378913 0.16910420475319926 0.08072487644151566 0.09506398537477148
1 0.6046128500823723 0.2093235831809872 0.08896210873146623 0.113345521023766
2 0.7042833607907744 0.24908592321755027 0.08072487644151566 0.09780621572212066
1 0.7780065897858319 0.29113345521023765 0.07166392092257001 0.09414990859232175
0 0.38220757825370677 0.2362888482632541 0.07413509060955518 0.09414990859232175
1 0.4827018121911038 0.2742230347349177 0.07907742998352554 0.09140767824497258
0 0.5687808896210873 0.3217550274223035 0.07331136738056013 0.09689213893967093
1 0.6602141680395387 0.36151736745886653 0.07331136738056013 0.08683729433272395
1 0.7578253706754531 0.3953382084095064 0.08072487644151566 0.09597806215722121
2 0.34761120263591433 0.35283363802559414 0.07742998352553541 0.09323583180987204
0 0.43492586490939045 0.38939670932358317 0.09060955518945635 0.09506398537477148
0 0.5280065897858319 0.4236745886654479 0.08731466227347612 0.09780621572212066
0 0.621499176276771 0.463436928702011 0.0914332784184514 0.09506398537477148
1 0.7170510708401977 0.5077696526508226 0.07495881383855024 0.10329067641681901
0 0.3183690280065898 0.45658135283363804 0.07660626029654036 0.09414990859232175
0 0.4007413509060956 0.5009140767824497 0.08813838550247118 0.09689213893967093
0 0.5012355848434926 0.5402193784277879 0.09308072487644152 0.09689213893967093
1 0.5934925864909391 0.5836380255941499 0.08154859967051072 0.10877513711151737
1 0.6873970345963756 0.6055758683729433 0.09308072487644152 0.0996343692870201
2 0.28212520593080725 0.5639853747714808 0.08154859967051072 0.09506398537477148
1 0.3727347611202636 0.6055758683729433 0.08154859967051072 0.09049360146252285
1 0.4612850082372323 0.6471663619744058 0.07742998352553541 0.08775137111517367
0 0.5527182866556837 0.6777879341864717 0.08237232289950577 0.0996343692870201
1 0.6412685337726524 0.7111517367458866 0.07825370675453047 0.08226691042047532
0 0.2524711696869852 0.6636197440585009 0.07825370675453047 0.09506398537477148
1 0.3397858319604613 0.7010968921389397 0.07495881383855024 0.08043875685557587
0 0.521828665568369 0.7865630712979891 0.07660626029654036 0.09780621572212066
1 0.6116144975288303 0.8075868372943327 0.07825370675453047 0.07952468007312614
