0 0.36554982817869414 0.1843137254901961 0.08333333333333333 0.11176470588235293
0 0.4720790378006873 0.2068627450980392 0.08505154639175258 0.10392156862745097
0 0.5743127147766323 0.24019607843137256 0.09192439862542955 0.11372549019607843
1 0.6688144329896907 0.27156862745098037 0.07646048109965635 0.09607843137254901
0 0.7615979381443299 0.30392156862745096 0.0781786941580756 0.10588235294117647
0 0.3393470790378007 0.30686274509803924 0.07903780068728522 0.09803921568627451
1 0.4420103092783505 0.3323529411764706 0.0781786941580756 0.09607843137254901
1 0.5455326460481099 0.3627450980392157 0.08934707903780069 0.11176470588235293
0 0.645618556701031 0.3906862745098039 0.08505154639175258 0.10882352941176471
1 0.7396907216494846 0.41715686274509806 0.07388316151202749 0.10490196078431373
0 0.31529209621993126 0.42598039215686273 0.07903780068728522 0.09705882352941177
1 0.4102233676975945 0.44950980392156864 0.0936426116838488 0.11470588235294117
1 0.5223367697594502 0.4906862745098039 0.0859106529209622 0.10098039215686275
2 0.6245704467353952 0.5088235294117647 0.08419243986254295 0.10392156862745097
1 0.7207903780068728 0.5397058823529411 0.0859106529209622 0.10490196078431373
0 0.29080756013745707 0.5514705882352942 0.08161512027491409 0.11862745098039215
0 0.3900343642611684 0.5720588235294117 0.07903780068728522 0.10294117647058823
2 0.48582474226804123 0.6068627450980392 0.08505154639175258 0.10392156862745097
0 0.5867697594501718 0.6406862745098039 0.08419243986254295 0.10098039215686275
1 0.6920103092783505 0.6568627450980392 0.08505154639175258 0.10588235294117647
1 0.27534364261168387 0.6607843137254902 0.06958762886597938 0.09411764705882353
1 0.36597938144329895 0.6916666666666667 0.07731958762886598 0.09509803921568627
2 0.46649484536082475 0.7230392156862745 0.08247422680412371 0.09901960784313725
1 0.5661512027491409 0.753921568627451 0.08419243986254295 0.09607843137254901
1 0.6615120274914089 0.7686274509803921 0.08419243986254295 0.09803921568627451
1 0.2585910652920962 0.7696078431372549 0.07731958762886598 0.09607843137254901
2 0.3445017182130584 0.7965686274509803 0.07388316151202749 0.09705882352941177
1 0.5459621993127147 0.8504901960784313 0.08505154639175258 0.08725490196078431
1 0.6378865979381443 0.8720588235294118 0.07646048109965635 0.09117647058823529
