1 0.2735 0.14625 0.093 0.1225
1 0.3935 0.140625 0.095 0.12625
1 0.51 0.13625 0.096 0.1375
1 0.628 0.1375 0.096 0.135
1 0.755 0.148125 0.098 0.13125
1 0.2685 0.3 0.099 0.1375
1 0.384 0.29375 0.106 0.1325
2 0.5165 0.299375 0.101 0.13625
1 0.629 0.294375 0.09 0.12125
2 0.7585000000000001 0.293125 0.097 0.12625
2 0.2745 0.47375 0.105 0.1525
1 0.3955 0.45937500000000003 0.095 0.12625
1 0.6295000000000001 0.45437500000000003 0.08700000000000001 0.13125
1 0.7565000000000001 0.45375 0.095 0.115
0 0.279 0.61875 0.092 0.125
0 0.394 0.6225 0.092 0.11750000000000001
0 0.513 0.6168750000000001 0.09 0.13375
0 0.6415 0.605625 0.095 0.12375
1 0.7595000000000001 0.6012500000000001 0.107 0.14250000000000002
2 0.2795 0.7831250000000001 0.097 0.13875
1 0.40800000000000003 0.77125 0.094 0.1275
1 0.525 0.775 0.11 0.13
0 0.643 0.766875 0.10200000000000001 0.13125
1 0.753 0.77125 0.094 0.14
1 0.519 0.45625 0.108 0.1275
1 0.299 0.90625 0.098 0.1075
1 0.41050000000000003 0.918125 0.095 0.13375
2 0.6335000000000001 0.9 0.095 0.115
1 0.738 0.895625 0.092 0.11125
