0 0.2835603112840467 0.17882775119617225 0.08268482490272373 0.12320574162679425
0 0.39250972762645914 0.1686602870813397 0.0943579766536965 0.12440191387559808
2 0.5165369649805448 0.17583732057416268 0.09727626459143969 0.12440191387559808
1 0.6332684824902723 0.18181818181818182 0.09727626459143969 0.13636363636363635
1 0.747568093385214 0.19258373205741627 0.09046692607003891 0.1291866028708134
0 0.27285992217898836 0.3181818181818182 0.0943579766536965 0.12679425837320574
0 0.39980544747081714 0.32296650717703346 0.0933852140077821 0.1291866028708134
0 0.5141050583657588 0.326555023923445 0.0943579766536965 0.13157894736842105
1 0.6318093385214008 0.31758373205741625 0.10019455252918288 0.14473684210526316
1 0.745136186770428 0.33074162679425834 0.10505836575875487 0.13277511961722488
2 0.27675097276264593 0.4850478468899521 0.0943579766536965 0.13277511961722488
0 0.3944552529182879 0.47607655502392343 0.07879377431906615 0.12440191387559808
2 0.5175097276264592 0.4886363636363636 0.0933852140077821 0.1375598086124402
0 0.6303501945525292 0.4838516746411483 0.09143968871595332 0.12799043062200957
1 0.754863813229572 0.4808612440191387 0.10505836575875487 0.1291866028708134
1 0.2811284046692607 0.6417464114832535 0.09143968871595332 0.14952153110047847
2 0.39153696498054474 0.638755980861244 0.08463035019455253 0.11722488038277512
0 0.5214007782101168 0.6339712918660286 0.09143968871595332 0.11722488038277512
1 0.6303501945525292 0.6339712918660286 0.09143968871595332 0.12679425837320574
2 0.7456225680933852 0.6255980861244019 0.08852140077821012 0.13875598086124402
2 0.28550583657587547 0.7661483253588517 0.09241245136186771 0.11363636363636363
2 0.39250972762645914 0.7763157894736842 0.10019455252918288 0.12440191387559808
0 0.5116731517509727 0.7882775119617225 0.10311284046692606 0.14593301435406697
0 0.6366731517509727 0.7739234449760766 0.0943579766536965 0.1291866028708134
1 0.742704280155642 0.7763157894736842 0.08657587548638132 0.14354066985645933
1 0.29474708171206226 0.9049043062200957 0.08365758754863814 0.1208133971291866
1 0.4056420233463035 0.9108851674641147 0.09727626459143969 0.11363636363636363
1 0.6240272373540856 0.902511961722488 0.08852140077821012 0.10406698564593302
1 0.7320038910505837 0.8989234449760766 0.0963035019455253 0.11363636363636363
