1 0.2695 0.14875 0.095 0.1275
0 0.382 0.146875 0.1 0.12375
1 0.5205 0.151875 0.101 0.12625
1 0.639 0.144375 0.114 0.13625
1 0.7645000000000001 0.1625 0.10300000000000001 0.1125
2 0.2725 0.3075 0.095 0.11
0 0.3815 0.313125 0.10300000000000001 0.13875
1 0.5165 0.30625 0.101 0.12
1 0.633 0.299375 0.112 0.14375000000000002
1 0.752 0.321875 0.096 0.13375
2 0.2735 0.476875 0.101 0.13375
0 0.3885 0.475625 0.105 0.14875
1 0.5035000000000001 0.466875 0.115 0.12625
1 0.6295000000000001 0.47375 0.10300000000000001 0.135
1 0.761 0.466875 0.106 0.12875
1 0.2685 0.63625 0.109 0.125
1 0.3925 0.636875 0.117 0.12625
1 0.51 0.631875 0.1 0.13375
1 0.636 0.6325000000000001 0.096 0.1275
1 0.757 0.624375 0.09 0.12625
1 0.271 0.779375 0.096 0.11375
0 0.399 0.7937500000000001 0.096 0.1325
1 0.6275000000000001 0.793125 0.08700000000000001 0.12625
1 0.742 0.77875 0.096 0.125
