0 0.23004885993485344 0.3287119856887299 0.0724755700325733 0.08497316636851521
0 0.3122964169381108 0.29248658318425763 0.07084690553745929 0.08765652951699464
0 0.3558631921824104 0.38640429338103754 0.08143322475570033 0.08765652951699464
0 0.6677524429967427 0.3694096601073345 0.07980456026058633 0.08944543828264759
0 0.43444625407166126 0.8278175313059034 0.07573289902280131 0.0778175313059034
0 0.5179153094462541 0.7951699463327371 0.07166123778501629 0.07871198568872988
0 0.5659609120521173 0.6641323792486583 0.07654723127035831 0.09391771019677997
0 0.3566775244299674 0.644901610017889 0.0749185667752443 0.07871198568872988
0 0.3916938110749186 0.7410554561717353 0.0749185667752443 0.0742397137745975
0 0.5899837133550488 0.1650268336314848 0.0724755700325733 0.0885509838998211
2 0.502442996742671 0.2039355992844365 0.08306188925081434 0.07871198568872988
2 0.629885993485342 0.268783542039356 0.08224755700325734 0.10107334525939177
2 0.5439739413680782 0.3067978533094812 0.08306188925081434 0.09481216457960644
2 0.3937296416938111 0.49597495527728086 0.09201954397394137 0.09749552772808587
2 0.4401465798045603 0.6118067978533095 0.08061889250814333 0.09302325581395349
1 0.3990228013029316 0.24776386404293382 0.07817589576547232 0.1037567084078712
2 0.4429967426710098 0.34570661896243293 0.09283387622149837 0.09570661896243292
1 0.2715798045602606 0.4284436493738819 0.0724755700325733 0.07692307692307693
1 0.30618892508143325 0.5344364937388193 0.08631921824104236 0.09033989266547406
1 0.49185667752442996 0.4539355992844365 0.08143322475570033 0.09033989266547406
1 0.5769543973941368 0.4065295169946333 0.08876221498371335 0.09212880143112702
1 0.6221498371335505 0.5071556350626119 0.0732899022801303 0.08765652951699464
2 0.7060260586319218 0.4740608228980322 0.07980456026058633 0.09838998211091235
1 0.5272801302931597 0.5652951699463328 0.07736156351791532 0.08050089445438283
1 0.6600162866449512 0.6091234347048301 0.0724755700325733 0.08228980322003578
1 0.7438925081433225 0.5791592128801432 0.07573289902280131 0.10107334525939177
1 0.7728013029315961 0.6703935599284436 0.07166123778501629 0.0885509838998211
1 0.6946254071661239 0.712432915921288 0.08143322475570033 0.09033989266547406
1 0.4816775244299675 0.7016994633273703 0.08061889250814333 0.08676207513416816
