1 0.2905 0.17250000000000001 0.10300000000000001 0.1325
1 0.4035 0.1625 0.099 0.14250000000000002
0 0.53 0.166875 0.112 0.14875
0 0.6445 0.17 0.093 0.1225
1 0.7645000000000001 0.18375 0.083 0.125
1 0.28500000000000003 0.330625 0.096 0.13375
0 0.403 0.32375 0.098 0.1325
2 0.5205 0.34750000000000003 0.107 0.165
2 0.6535 0.34375 0.115 0.145
0 0.771 0.325625 0.098 0.12375
0 0.2765 0.49062500000000003 0.099 0.12875
0 0.4045 0.49625 0.099 0.13
2 0.526 0.503125 0.108 0.14375000000000002
1 0.6435 0.505625 0.095 0.14625
0 0.7665000000000001 0.509375 0.107 0.13875
0 0.28650000000000003 0.645625 0.099 0.12875
2 0.402 0.66125 0.098 0.145
1 0.5145 0.655625 0.105 0.13125
1 0.6515 0.65375 0.093 0.12
1 0.7625000000000001 0.65 0.095 0.1225
2 0.2915 0.794375 0.101 0.12125
1 0.402 0.80875 0.098 0.13
1 0.5245 0.813125 0.109 0.13875
1 0.634 0.7987500000000001 0.09 0.11750000000000001
1 0.751 0.80375 0.09 0.1325
1 0.297 0.928125 0.088 0.11125
1 0.404 0.933125 0.092 0.10875
0 0.6315000000000001 0.936875 0.093 0.11625
2 0.7375 0.935 0.085 0.1275
