1 0.45680000000000004 0.15328151986183072 0.0704 0.07340241796200345
0 0.546 0.19127806563039723 0.07440000000000001 0.08549222797927461
1 0.624 0.23877374784110533 0.0912 0.09930915371329879
2 0.7220000000000001 0.28929188255613125 0.0824 0.09671848013816925
1 0.79 0.33203799654576854 0.06960000000000001 0.08376511226252159
0 0.4128 0.24179620034542312 0.07200000000000001 0.08808290155440414
1 0.5052 0.28626943005181343 0.08080000000000001 0.09412780656303972
0 0.5856 0.33678756476683935 0.0752 0.08808290155440414
1 0.668 0.3907599309153713 0.0704 0.08549222797927461
1 0.7592 0.427461139896373 0.07680000000000001 0.08290155440414507
2 0.3684 0.34715025906735747 0.0728 0.09153713298791019
0 0.4476 0.3911917098445596 0.0824 0.08635578583765112
2 0.5316000000000001 0.427461139896373 0.08080000000000001 0.1001727115716753
0 0.6228 0.483160621761658 0.08560000000000001 0.08721934369602763
1 0.7064 0.5319516407599308 0.0704 0.09844559585492227
1 0.3292 0.4373920552677029 0.07440000000000001 0.08894645941278065
0 0.404 0.49352331606217614 0.08320000000000001 0.09758203799654576
0 0.4968 0.5392918825561313 0.08800000000000001 0.09585492227979274
1 0.5836 0.5893782383419689 0.07440000000000001 0.09585492227979274
1 0.6716000000000001 0.6213298791018999 0.0824 0.08549222797927461
2 0.28400000000000003 0.5379965457685665 0.0752 0.09153713298791019
1 0.3664 0.5880829015544041 0.07680000000000001 0.09499136442141623
1 0.44720000000000004 0.6334196891191709 0.08320000000000001 0.08376511226252159
0 0.5364 0.67573402417962 0.0712 0.0924006908462867
1 0.6164000000000001 0.716321243523316 0.0792 0.08203799654576856
0 0.24880000000000002 0.6295336787564767 0.0736 0.08635578583765112
0 0.3304 0.6722797927461139 0.0704 0.08203799654576856
0 0.49560000000000004 0.7715889464594128 0.07440000000000001 0.09758203799654576
1 0.5784 0.8022452504317789 0.0656 0.0690846286701209
