1 0.30065666041275796 0.20033860045146726 0.09287054409005628 0.12979683972911962
1 0.41228893058161353 0.20936794582392776 0.10037523452157598 0.1275395033860045
1 0.5398686679174484 0.21162528216704288 0.09662288930581614 0.118510158013544
1 0.7654784240150094 0.2437923250564334 0.10131332082551595 0.12415349887133181
0 0.6599437148217636 0.22799097065462753 0.11538461538461539 0.13544018058690743
0 0.4024390243902439 0.3442437923250564 0.11069418386491557 0.11512415349887133
1 0.29174484052532834 0.3312641083521444 0.0975609756097561 0.1252821670428894
1 0.526735459662289 0.36060948081264105 0.0947467166979362 0.11399548532731377
1 0.6430581613508443 0.36738148984198643 0.1022514071294559 0.1275395033860045
1 0.7565666041275797 0.386568848758465 0.09662288930581614 0.12302483069977425
2 0.2879924953095685 0.48137697516930017 0.08630393996247655 0.11173814898419863
0 0.38602251407129456 0.49322799097065456 0.09099437148217636 0.1218961625282167
1 0.5164165103189493 0.5124153498871331 0.1022514071294559 0.12866817155756208
1 0.6214821763602252 0.5084650112866816 0.08536585365853659 0.11625282167042889
1 0.7293621013133208 0.5338600451467268 0.07786116322701689 0.1218961625282167
2 0.2776735459662289 0.6281038374717832 0.09380863039399624 0.1275395033860045
0 0.38367729831144465 0.6343115124153499 0.09193245778611632 0.11738148984198644
1 0.4929643527204503 0.6433408577878104 0.09287054409005628 0.11060948081264108
1 0.6083489681050657 0.6585778781038374 0.09849906191369606 0.1275395033860045
1 0.7279549718574109 0.6715575620767493 0.09943714821763602 0.11738148984198644
1 0.2668855534709193 0.7629796839729119 0.10975609756097561 0.1128668171557562
1 0.3808630393996248 0.7759593679458239 0.10506566604127579 0.11173814898419863
1 0.48639774859287055 0.7799097065462753 0.08161350844277673 0.11512415349887133
1 0.599906191369606 0.7957110609480812 0.08348968105065666 0.10835214446952596
1 0.7096622889305816 0.7928893905191873 0.08724202626641651 0.10948081264108352
1 0.2692307692307692 0.8769751693002257 0.09380863039399624 0.09706546275395032
0 0.37664165103189495 0.8950338600451466 0.09099437148217636 0.10609480812641083
1 0.5825515947467167 0.9176072234762979 0.08818011257035648 0.09932279909706546
1 0.6866791744840526 0.9159142212189616 0.08630393996247655 0.10722347629796838
