1 0.3933224755700326 0.22003577817531306 0.07980456026058633 0.09481216457960644
1 0.3570846905537459 0.3211091234347048 0.0741042345276873 0.09481216457960644
1 0.5415309446254072 0.3953488372093023 0.0749185667752443 0.1001788908765653
1 0.36644951140065146 0.5854203935599285 0.08631921824104236 0.11001788908765653
1 0.6429153094462541 0.6963327370304114 0.07899022801302932 0.09212880143112702
1 0.6799674267100978 0.5854203935599285 0.07166123778501629 0.08497316636851521
1 0.28705211726384366 0.5402504472271914 0.07736156351791532 0.09481216457960644
2 0.47434853420195444 0.2504472271914132 0.07736156351791532 0.08765652951699464
2 0.4454397394136808 0.3622540250447227 0.08794788273615635 0.08944543828264759
2 0.3175895765472313 0.42441860465116277 0.07654723127035831 0.09212880143112702
2 0.4641693811074919 0.622093023255814 0.0749185667752443 0.09212880143112702
2 0.5480456026058632 0.6533989266547406 0.08306188925081434 0.09391771019677997
2 0.25936482084690554 0.6377459749552773 0.07573289902280131 0.08944543828264759
2 0.3135179153094463 0.7692307692307693 0.07003257328990228 0.08586762075134169
2 0.48859934853420195 0.8452593917710197 0.0749185667752443 0.08407871198568873
2 0.5692182410423453 0.8711985688729875 0.07003257328990228 0.07692307692307693
2 0.6083061889250815 0.7915921288014311 0.07654723127035831 0.09123434704830054
0 0.5773615635179153 0.29874776386404295 0.07166123778501629 0.08586762075134169
0 0.6677524429967427 0.33899821109123435 0.0732899022801303 0.1001788908765653
0 0.7536644951140066 0.381484794275492 0.0724755700325733 0.10644007155635063
0 0.7137622149837134 0.47808586762075134 0.0741042345276873 0.09212880143112702
0 0.6327361563517916 0.44991055456171736 0.08306188925081434 0.09481216457960644
0 0.40431596091205213 0.47674418604651164 0.07899022801302932 0.09660107334525939
0 0.5036644951140066 0.5049194991055456 0.07899022801302932 0.09212880143112702
0 0.6001628664495114 0.5536672629695886 0.08306188925081434 0.09660107334525939
0 0.3403908794788274 0.6717352415026834 0.06840390879478828 0.08228980322003578
0 0.4242671009771987 0.7155635062611807 0.08631921824104236 0.08586762075134169
0 0.5252442996742671 0.7508944543828264 0.07817589576547232 0.08318425760286226
0 0.22842019543973943 0.7289803220035779 0.0724755700325733 0.08765652951699464
