1 0.2625 0.19062500000000002 0.097 0.14125000000000001
1 0.3805 0.185625 0.107 0.12625
1 0.5205 0.174375 0.095 0.11625
0 0.6445 0.181875 0.117 0.13875
1 0.7525000000000001 0.194375 0.085 0.13875
1 0.263 0.335625 0.092 0.13125
0 0.374 0.338125 0.098 0.12625
1 0.5195 0.348125 0.105 0.12375
1 0.6385000000000001 0.330625 0.097 0.13875
1 0.761 0.35125 0.10400000000000001 0.1225
2 0.2745 0.5 0.095 0.12
0 0.382 0.51375 0.106 0.14250000000000002
1 0.516 0.51625 0.10200000000000001 0.1325
1 0.6335000000000001 0.500625 0.101 0.13375
1 0.75 0.51125 0.09 0.1375
1 0.756 0.6587500000000001 0.108 0.135
1 0.6265000000000001 0.661875 0.101 0.13625
1 0.505 0.658125 0.1 0.11125
0 0.389 0.659375 0.09 0.12875
0 0.2775 0.669375 0.08700000000000001 0.12875
1 0.272 0.81375 0.11800000000000001 0.115
1 0.396 0.820625 0.106 0.11875000000000001
1 0.512 0.8075 0.098 0.11
1 0.6315000000000001 0.8143750000000001 0.093 0.11875000000000001
1 0.7495 0.80375 0.097 0.125
1 0.28350000000000003 0.936875 0.093 0.10625
0 0.3985 0.946875 0.091 0.10375000000000001
1 0.621 0.94625 0.10200000000000001 0.105
1 0.73 0.938125 0.09 0.11375
