1 0.26083333333333336 0.3247663551401869 0.07833333333333334 0.08504672897196262
2 0.3554166666666667 0.28971962616822433 0.08416666666666667 0.10467289719626169
1 0.45375000000000004 0.24953271028037385 0.08083333333333334 0.102803738317757
1 0.545 0.22616822429906544 0.09166666666666667 0.102803738317757
2 0.6370833333333333 0.1929906542056075 0.08083333333333334 0.09065420560747664
1 0.29125 0.4373831775700935 0.08750000000000001 0.09906542056074767
1 0.38625000000000004 0.4060747663551402 0.08750000000000001 0.09065420560747664
1 0.48125 0.3635514018691589 0.08583333333333334 0.09719626168224299
2 0.5783333333333334 0.3429906542056075 0.085 0.09532710280373832
1 0.6758333333333334 0.2990654205607477 0.095 0.11214953271028037
2 0.32 0.5612149532710281 0.10500000000000001 0.10560747663551402
1 0.40958333333333335 0.5233644859813085 0.08916666666666667 0.09158878504672897
2 0.5091666666666667 0.4869158878504673 0.11333333333333334 0.09906542056074767
1 0.6108333333333333 0.44906542056074766 0.08333333333333334 0.09813084112149534
2 0.70125 0.4121495327102804 0.08583333333333334 0.10467289719626169
1 0.34958333333333336 0.6560747663551402 0.08416666666666667 0.09532710280373832
1 0.4404166666666667 0.6327102803738318 0.09583333333333334 0.10093457943925234
1 0.5475 0.5957943925233645 0.08333333333333334 0.09252336448598131
1 0.6362500000000001 0.5626168224299065 0.07583333333333334 0.08224299065420561
1 0.7383333333333334 0.5322429906542057 0.08333333333333334 0.09626168224299066
0 0.38333333333333336 0.7682242990654206 0.08166666666666667 0.08785046728971962
1 0.47250000000000003 0.7397196261682243 0.08166666666666667 0.09813084112149534
1 0.6637500000000001 0.6663551401869159 0.07583333333333334 0.08598130841121496
2 0.75875 0.6341121495327103 0.08416666666666667 0.09626168224299066
