1 0.4173452768729642 0.17933810375670842 0.07899022801302932 0.07960644007155634
1 0.373371335504886 0.27325581395348836 0.0741042345276873 0.09212880143112702
1 0.3359120521172639 0.38372093023255816 0.0724755700325733 0.08944543828264759
2 0.2915309446254072 0.4932915921288014 0.0732899022801303 0.10822898032200358
1 0.26140065146579805 0.5916815742397138 0.08306188925081434 0.10465116279069768
1 0.22842019543973943 0.6855992844364938 0.07899022801302932 0.08497316636851521
1 0.5052931596091206 0.21153846153846154 0.08061889250814333 0.09212880143112702
0 0.4674267100977199 0.31216457960644006 0.08143322475570033 0.09838998211091235
0 0.4226384364820847 0.43112701252236135 0.06840390879478828 0.09123434704830054
1 0.38232899022801303 0.539355992844365 0.07899022801302932 0.09481216457960644
1 0.3501628664495114 0.6337209302325582 0.07166123778501629 0.08139534883720931
0 0.3122964169381108 0.7303220035778175 0.09527687296416938 0.08318425760286226
0 0.5952768729641694 0.2580500894454383 0.07817589576547232 0.08497316636851521
0 0.5476384364820848 0.35778175313059035 0.0741042345276873 0.08765652951699464
0 0.5171009771986971 0.4655635062611807 0.08794788273615635 0.09033989266547406
2 0.47760586319218246 0.5746869409660107 0.08061889250814333 0.09212880143112702
1 0.4372964169381108 0.6708407871198568 0.07166123778501629 0.07692307692307693
0 0.6860749185667753 0.2893559928443649 0.07736156351791532 0.11538461538461539
1 0.6412866449511401 0.40384615384615385 0.06596091205211727 0.0885509838998211
0 0.6001628664495114 0.5138640429338104 0.06840390879478828 0.09212880143112702
1 0.5704397394136808 0.6176207513416816 0.08550488599348535 0.07960644007155634
1 0.5268729641693811 0.7249552772808587 0.07654723127035831 0.09570661896243292
1 0.48900651465798045 0.817531305903399 0.07736156351791532 0.09838998211091235
0 0.5745114006514658 0.8358676207513417 0.07084690553745929 0.09928443649373882
1 0.6099348534201955 0.7567084078711985 0.07166123778501629 0.09302325581395349
1 0.6506514657980457 0.6516100178890877 0.06840390879478828 0.07960644007155634
2 0.6946254071661239 0.5496422182468694 0.06188925081433225 0.09212880143112702
1 0.738599348534202 0.4458855098389982 0.08143322475570033 0.09928443649373882
0 0.7809446254071661 0.34391771019677997 0.08306188925081434 0.09928443649373882
