1 0.276 0.17500000000000002 0.126 0.125
1 0.3975 0.1675 0.093 0.1225
0 0.523 0.17250000000000001 0.10400000000000001 0.135
0 0.64 0.17125 0.098 0.125
1 0.7545000000000001 0.16375 0.08700000000000001 0.1275
0 0.2885 0.34375 0.097 0.125
0 0.399 0.33625 0.1 0.14
1 0.519 0.330625 0.112 0.12125
1 0.6475 0.328125 0.08700000000000001 0.11875000000000001
1 0.7625000000000001 0.315625 0.097 0.14625
0 0.294 0.49125 0.096 0.125
0 0.41250000000000003 0.4925 0.10300000000000001 0.1375
2 0.65 0.4925 0.088 0.115
1 0.5265 0.48812500000000003 0.109 0.13375
1 0.767 0.479375 0.092 0.12125
1 0.2885 0.6431250000000001 0.099 0.12125
1 0.40750000000000003 0.64875 0.11900000000000001 0.1375
1 0.536 0.646875 0.1 0.13375
1 0.657 0.645 0.108 0.1475
0 0.7685 0.623125 0.089 0.12375
1 0.2975 0.7887500000000001 0.093 0.1125
1 0.41200000000000003 0.795 0.094 0.11750000000000001
1 0.5365 0.7831250000000001 0.081 0.11625
1 0.76 0.9081250000000001 0.09 0.12875
1 0.6525 0.913125 0.097 0.11375
1 0.423 0.925 0.09 0.1075
1 0.303 0.928125 0.096 0.12125
0 0.782 0.779375 0.114 0.13125
2 0.65 0.78625 0.098 0.1225
