1 0.3241758241758242 0.06768558951965065 0.08974358974358974 0.09170305676855894
2 0.43452380952380953 0.07860262008733623 0.0924908424908425 0.08296943231441048
0 0.5457875457875457 0.09388646288209607 0.0989010989010989 0.08078602620087336
2 0.6625457875457875 0.11299126637554585 0.10164835164835165 0.07751091703056769
1 0.760989010989011 0.13155021834061134 0.09706959706959707 0.08624454148471615
1 0.309981684981685 0.19159388646288208 0.08882783882783883 0.11026200873362445
0 0.4143772893772894 0.2041484716157205 0.09615384615384616 0.11790393013100436
2 0.5265567765567766 0.21615720524017465 0.11172161172161173 0.12445414847161572
2 0.6460622710622711 0.2205240174672489 0.09615384615384616 0.1331877729257642
1 0.75503663003663 0.24563318777292575 0.08882783882783883 0.12882096069868995
2 0.2976190476190476 0.33133187772925765 0.09157509157509157 0.12117903930131003
1 0.4024725274725275 0.3324235807860262 0.0924908424908425 0.12117903930131003
1 0.5132783882783882 0.3744541484716157 0.09615384615384616 0.12445414847161572
0 0.6336996336996337 0.3728165938864629 0.09706959706959707 0.12554585152838427
0 0.7417582417582418 0.38973799126637554 0.08241758241758242 0.12008733624454147
1 0.2802197802197802 0.46888646288209607 0.09340659340659341 0.1168122270742358
1 0.3901098901098901 0.48962882096069865 0.09157509157509157 0.12117903930131003
0 0.4990842490842491 0.49836244541484714 0.09706959706959707 0.12336244541484716
0 0.6204212454212454 0.5163755458515283 0.10164835164835165 0.12008733624454147
1 0.722985347985348 0.5267467248908296 0.09065934065934066 0.11899563318777293
0 0.27106227106227104 0.6091703056768558 0.08974358974358974 0.13100436681222707
1 0.38095238095238093 0.6195414847161572 0.09340659340659341 0.11026200873362445
0 0.4807692307692308 0.6402838427947598 0.11355311355311355 0.12336244541484716
2 0.5966117216117216 0.6588427947598253 0.0924908424908425 0.11244541484716157
0 0.7037545787545788 0.6757641921397379 0.0924908424908425 0.12882096069868995
2 0.25595238095238093 0.7385371179039301 0.09981684981684982 0.12336244541484716
2 0.3626373626373626 0.7581877729257641 0.09340659340659341 0.12554585152838427
0 0.5778388278388278 0.7887554585152838 0.10805860805860806 0.11462882096069868
0 0.6858974358974359 0.7903930131004366 0.08424908424908426 0.11135371179039301
