1 0.264 0.1475 0.1 0.1325
1 0.3755 0.131875 0.095 0.12125
0 0.512 0.120625 0.122 0.14375000000000002
0 0.639 0.12875 0.106 0.145
1 0.7485 0.134375 0.099 0.14125000000000001
1 0.2625 0.295 0.093 0.1275
1 0.386 0.29625 0.088 0.125
1 0.51 0.286875 0.112 0.14125000000000001
0 0.6275000000000001 0.28625 0.10300000000000001 0.1325
0 0.7535000000000001 0.28250000000000003 0.099 0.1225
0 0.2725 0.451875 0.095 0.13375
1 0.3785 0.445 0.097 0.125
0 0.502 0.445625 0.10200000000000001 0.12875
0 0.629 0.445 0.1 0.13
0 0.75 0.44875 0.096 0.16
2 0.266 0.61625 0.112 0.1225
1 0.391 0.6062500000000001 0.1 0.1125
0 0.5125 0.6125 0.099 0.1275
0 0.6325000000000001 0.60375 0.107 0.13
0 0.7435 0.59875 0.095 0.11750000000000001
1 0.28500000000000003 0.766875 0.1 0.12125
1 0.4 0.760625 0.092 0.11375
1 0.5115000000000001 0.7575000000000001 0.093 0.125
1 0.634 0.77 0.10200000000000001 0.1275
1 0.7495 0.763125 0.093 0.12625
1 0.2975 0.9025 0.107 0.1225
1 0.4045 0.91625 0.083 0.135
0 0.6365000000000001 0.8981250000000001 0.097 0.10875
0 0.744 0.900625 0.096 0.12125
