1 0.4452380952380952 0.19642857142857142 0.07777777777777778 0.08333333333333333
1 0.5313492063492063 0.24362244897959182 0.07698412698412699 0.08418367346938775
1 0.6142857142857143 0.282312925170068 0.07301587301587302 0.09183673469387754
1 0.6996031746031746 0.336734693877551 0.08015873015873017 0.09863945578231292
1 0.7833333333333333 0.39030612244897955 0.08095238095238096 0.08843537414965986
1 0.3968253968253968 0.29166666666666663 0.0873015873015873 0.09693877551020408
1 0.4777777777777778 0.328656462585034 0.08253968253968254 0.09098639455782312
2 0.5662698412698413 0.3869047619047619 0.07222222222222222 0.08673469387755102
1 0.6503968253968254 0.4281462585034013 0.07857142857142857 0.0858843537414966
1 0.7456349206349207 0.4808673469387755 0.07539682539682539 0.0824829931972789
2 0.3496031746031746 0.3869047619047619 0.07380952380952381 0.10034013605442177
1 0.43492063492063493 0.4328231292517007 0.07301587301587302 0.09523809523809523
1 0.5214285714285715 0.4774659863945578 0.07777777777777778 0.08078231292517006
1 0.6035714285714285 0.5233843537414966 0.06904761904761905 0.08928571428571429
1 0.6908730158730159 0.5710034013605442 0.07063492063492063 0.08928571428571429
0 0.30674603174603177 0.477891156462585 0.0626984126984127 0.07993197278911564
0 0.3880952380952381 0.5331632653061225 0.07301587301587302 0.08843537414965986
0 0.4746031746031746 0.5722789115646258 0.0746031746031746 0.08673469387755102
0 0.5686507936507936 0.6198979591836734 0.07698412698412699 0.08333333333333333
1 0.6503968253968254 0.6649659863945578 0.08492063492063492 0.09013605442176871
1 0.35079365079365077 0.6275510204081632 0.0746031746031746 0.08503401360544217
1 0.3115079365079365 0.7151360544217686 0.07222222222222222 0.10034013605442177
1 0.2373015873015873 0.6636904761904762 0.06666666666666667 0.0858843537414966
1 0.5468253968253968 0.8346088435374149 0.06507936507936508 0.07908163265306122
1 0.5984126984126984 0.7610544217687074 0.07142857142857142 0.08843537414965986
1 0.5190476190476191 0.7185374149659863 0.07301587301587302 0.08503401360544217
2 0.2646825396825397 0.5790816326530612 0.08174603174603175 0.08673469387755102
0 0.43373015873015874 0.6772959183673469 0.08333333333333333 0.09608843537414966
2 0.46865079365079365 0.7954931972789115 0.07539682539682539 0.0858843537414966
