1 0.31104129263913827 0.22310126582278478 0.08527827648114901 0.10864978902953586
2 0.4192100538599641 0.2341772151898734 0.09515260323159785 0.11392405063291139
1 0.5327648114901257 0.25580168776371304 0.09425493716337523 0.12341772151898733
2 0.6508078994614004 0.27373417721518983 0.0969479353680431 0.11497890295358648
1 0.7544883303411132 0.2943037974683544 0.09066427289048475 0.1181434599156118
1 0.2957809694793537 0.3575949367088607 0.08527827648114901 0.10548523206751054
0 0.3976660682226212 0.3813291139240506 0.08976660682226212 0.12341772151898733
2 0.5098743267504489 0.3982067510548523 0.10412926391382406 0.12130801687763712
2 0.6274685816876122 0.40506329113924044 0.08976660682226212 0.12236286919831223
1 0.7378815080789947 0.4314345991561181 0.0843806104129264 0.1181434599156118
2 0.28276481149012567 0.49419831223628685 0.0843806104129264 0.11286919831223628
1 0.38420107719928187 0.5063291139240506 0.09156193895870736 0.11603375527426159
1 0.4874326750448833 0.5537974683544303 0.09156193895870736 0.12658227848101264
0 0.6090664272890485 0.5559071729957805 0.09964093357271095 0.12236286919831223
0 0.7149910233393179 0.5648734177215189 0.0888689407540395 0.1170886075949367
0 0.2661579892280072 0.6265822784810126 0.09425493716337523 0.11181434599156118
1 0.37163375224416517 0.6513713080168776 0.08617594254937164 0.12341772151898733
0 0.47576301615798927 0.6666666666666666 0.0969479353680431 0.11603375527426159
0 0.5888689407540395 0.685126582278481 0.0969479353680431 0.11286919831223628
1 0.6916517055655297 0.6967299578059071 0.08348294434470377 0.10232067510548522
0 0.26032315978456017 0.7526371308016877 0.08078994614003591 0.12763713080168776
1 0.3622082585278277 0.7647679324894514 0.08527827648114901 0.0970464135021097
0 0.45601436265709155 0.794831223628692 0.10233393177737882 0.11286919831223628
2 0.5641831238779175 0.805379746835443 0.08348294434470377 0.10232067510548522
0 0.6674147217235189 0.8196202531645569 0.08348294434470377 0.11181434599156118
0 0.2446140035906643 0.8449367088607594 0.09425493716337523 0.08227848101265822
1 0.34425493716337524 0.8718354430379746 0.08707360861759426 0.08333333333333333
1 0.5426391382405745 0.9082278481012658 0.09964093357271095 0.08016877637130801
0 0.6463195691202873 0.9187763713080168 0.08258527827648116 0.07594936708860758
