0 0.259861932938856 0.18276283618581907 0.11143984220907298 0.1332518337408313
1 0.26775147928994086 0.33312958435207823 0.10552268244575938 0.14058679706601468
0 0.27366863905325445 0.4963325183374083 0.09368836291913216 0.1466992665036675
0 0.28451676528599606 0.64119804400978 0.09566074950690336 0.1332518337408313
0 0.2899408284023669 0.7872860635696821 0.09664694280078896 0.1271393643031785
1 0.3017751479289941 0.91320293398533 0.08875739644970415 0.1100244498777506
0 0.38806706114398426 0.1656479217603912 0.10552268244575938 0.1234718826405868
1 0.3831360946745562 0.33312958435207823 0.09566074950690336 0.1332518337408313
1 0.39349112426035504 0.48655256723716384 0.116370808678501 0.13202933985330073
0 0.38954635108481267 0.636919315403423 0.116370808678501 0.1466992665036675
1 0.3999013806706115 0.7836185819070904 0.10749506903353058 0.12224938875305623
0 0.4156804733727811 0.9180929095354523 0.09368836291913216 0.1100244498777506
0 0.5054240631163708 0.17298288508557458 0.09960552268244577 0.12836185819070906
1 0.5064102564102564 0.3245721271393643 0.10552268244575938 0.1552567237163814
1 0.5083826429980276 0.48471882640586794 0.09960552268244577 0.1234718826405868
1 0.5152859960552268 0.6356968215158925 0.10157790927021697 0.12224938875305623
1 0.5152859960552268 0.7903422982885085 0.09763313609467456 0.1356968215158924
0 0.6198224852071006 0.15892420537897312 0.10157790927021697 0.12469437652811736
0 0.6267258382642998 0.3019559902200489 0.10946745562130178 0.15158924205378974
1 0.6272189349112426 0.48227383863080686 0.10256410256410257 0.14058679706601468
0 0.6346153846153847 0.6393643031784841 0.09566074950690336 0.1491442542787286
0 0.6316568047337279 0.7744498777506112 0.10552268244575938 0.11613691931540342
1 0.6316568047337279 0.91320293398533 0.10552268244575938 0.1295843520782396
0 0.740138067061144 0.16136919315403422 0.10552268244575938 0.13447432762836187
1 0.7450690335305721 0.3099022004889976 0.08974358974358974 0.11124694376528117
1 0.7421104536489153 0.47493887530562345 0.09368836291913216 0.14792176039119803
1 0.742603550295858 0.6246943765281173 0.09861932938856016 0.13202933985330073
1 0.742603550295858 0.7689486552567237 0.09270216962524655 0.1271393643031785
1 0.7406311637080868 0.8942542787286063 0.08678500986193294 0.11858190709046455
