1 0.26043643263757116 0.24193548387096775 0.0920303605313093 0.1313364055299539
2 0.36242884250474383 0.22868663594470046 0.0967741935483871 0.11866359447004608
1 0.48956356736242884 0.22350230414746544 0.09297912713472486 0.1175115207373272
1 0.5962998102466793 0.20679723502304148 0.09013282732447818 0.12788018433179724
1 0.7077798861480076 0.20276497695852536 0.09487666034155598 0.12442396313364056
1 0.2703984819734345 0.3726958525345622 0.10246679316888045 0.12327188940092165
0 0.3799810246679317 0.3692396313364055 0.09962049335863378 0.12096774193548387
1 0.49667931688804556 0.3577188940092166 0.09962049335863378 0.12788018433179724
0 0.611954459203036 0.358294930875576 0.08918406072106262 0.1152073732718894
0 0.7148956356736244 0.3433179723502304 0.08823529411764706 0.12442396313364056
2 0.273719165085389 0.527073732718894 0.08633776091081594 0.10483870967741936
0 0.38757115749525617 0.5236175115207373 0.07874762808349146 0.12096774193548387
0 0.5080645161290323 0.5080645161290323 0.09962049335863378 0.11981566820276497
0 0.6261859582542695 0.5017281105990783 0.10056925996204934 0.13018433179723501
1 0.7296015180265655 0.4867511520737327 0.08349146110056926 0.11635944700460829
1 0.29411764705882354 0.6768433179723502 0.08538899430740038 0.11175115207373272
1 0.39990512333965844 0.6820276497695853 0.10531309297912714 0.14516129032258066
2 0.5151802656546489 0.6561059907834101 0.08728652751423151 0.12327188940092165
0 0.6252371916508539 0.6480414746543779 0.10056925996204934 0.10944700460829493
1 0.7428842504743833 0.636520737327189 0.08918406072106262 0.11635944700460829
2 0.3092979127134725 0.8018433179723502 0.08918406072106262 0.10368663594470046
2 0.6503795066413662 0.9043778801843319 0.08444022770398482 0.0944700460829493
2 0.7400379506641367 0.8859447004608295 0.07400379506641366 0.0944700460829493
0 0.3202087286527514 0.9262672811059908 0.0825426944971537 0.10138248847926268
2 0.4278937381404175 0.923963133640553 0.08538899430740038 0.09216589861751152
0 0.4146110056925996 0.8018433179723502 0.08349146110056926 0.09907834101382489
0 0.5222960151802657 0.8012672811059908 0.09392789373814042 0.11175115207373272
0 0.6442125237191652 0.7741935483870968 0.08728652751423151 0.10368663594470046
2 0.7471537001897534 0.7690092165898618 0.09772296015180267 0.11405529953917051
