0 0.2665 0.148125 0.107 0.13375
0 0.3925 0.144375 0.101 0.12875
0 0.6295000000000001 0.141875 0.109 0.11625
0 0.7505000000000001 0.29875 0.08700000000000001 0.12
0 0.624 0.45375 0.088 0.135
0 0.2645 0.605 0.113 0.1325
0 0.497 0.29812500000000003 0.10200000000000001 0.13375
0 0.5075000000000001 0.45625 0.10300000000000001 0.1375
2 0.5015000000000001 0.14125000000000001 0.10300000000000001 0.125
2 0.382 0.76 0.10400000000000001 0.1225
1 0.7525000000000001 0.141875 0.105 0.12625
1 0.638 0.29625 0.106 0.13
1 0.3815 0.61625 0.117 0.12
1 0.5095000000000001 0.610625 0.099 0.13375
1 0.6265000000000001 0.61375 0.091 0.14250000000000002
1 0.7405 0.615 0.093 0.14
1 0.748 0.460625 0.096 0.13125
1 0.7395 0.749375 0.085 0.11375
1 0.6315000000000001 0.763125 0.097 0.12875
1 0.5195 0.76375 0.121 0.1375
1 0.623 0.901875 0.094 0.12125
1 0.7355 0.89625 0.097 0.1275
1 0.2755 0.89625 0.091 0.1325
1 0.386 0.9075 0.116 0.1325
2 0.2715 0.7518750000000001 0.093 0.11375
0 0.262 0.451875 0.1 0.13625
0 0.2675 0.3 0.07100000000000001 0.115
0 0.39 0.2925 0.10200000000000001 0.125
1 0.384 0.460625 0.096 0.15125
