1 0.25704225352112675 0.27096114519427406 0.08274647887323944 0.10020449897750512
1 0.570862676056338 0.1906952965235174 0.0818661971830986 0.10736196319018405
1 0.3846830985915493 0.37116564417177916 0.07922535211267606 0.1063394683026585
1 0.5022007042253521 0.4739263803680982 0.09242957746478873 0.09713701431492844
1 0.7354753521126761 0.5460122699386504 0.07834507042253522 0.10429447852760737
1 0.6355633802816901 0.5720858895705522 0.08098591549295775 0.10122699386503069
1 0.539612676056338 0.5986707566462168 0.0897887323943662 0.09713701431492844
1 0.6615316901408451 0.6947852760736197 0.0801056338028169 0.09713701431492844
1 0.758362676056338 0.7801635991820042 0.06778169014084508 0.09406952965235174
1 0.6703345070422535 0.8001022494887526 0.06778169014084508 0.08895705521472394
1 0.5470950704225352 0.724437627811861 0.0818661971830986 0.09918200408997956
1 0.4546654929577465 0.7489775051124745 0.09771126760563381 0.0950920245398773
1 0.3688380281690141 0.8732106339468303 0.08626760563380281 0.098159509202454
1 0.35211267605633806 0.7627811860940696 0.08098591549295775 0.09611451942740287
0 0.3617957746478873 0.2423312883435583 0.08274647887323944 0.10020449897750512
0 0.39348591549295775 0.4974437627811861 0.09683098591549295 0.10940695296523519
0 0.42473591549295775 0.6344580777096115 0.09419014084507042 0.11758691206543968
0 0.4652288732394366 0.8542944785276074 0.0818661971830986 0.09304703476482619
2 0.46170774647887325 0.21728016359918204 0.09242957746478873 0.11963190184049081
2 0.4881161971830986 0.34355828220858897 0.0994718309859155 0.114519427402863
2 0.588468309859155 0.32566462167689164 0.08362676056338028 0.1114519427402863
2 0.6897007042253521 0.2965235173824131 0.0818661971830986 0.1063394683026585
2 0.7112676056338029 0.4228016359918201 0.08450704225352113 0.1032719836400818
2 0.6087147887323944 0.45092024539877307 0.09066901408450705 0.10838445807770962
2 0.6654929577464789 0.16973415132924338 0.07746478873239437 0.11042944785276075
2 0.2768485915492958 0.39314928425357876 0.09419014084507042 0.10531697341513294
2 0.3006161971830986 0.5204498977505113 0.08538732394366197 0.1063394683026585
2 0.32350352112676056 0.6554192229038855 0.0818661971830986 0.11860940695296525
2 0.7570422535211268 0.6743353783231084 0.09330985915492958 0.10940695296523519
