2 0.4088375796178344 0.22217465753424656 0.08041401273885351 0.074486301369863
0 0.3718152866242038 0.3077910958904109 0.06528662420382166 0.07962328767123288
0 0.330015923566879 0.4006849315068493 0.07245222929936306 0.0702054794520548
2 0.2830414012738854 0.5098458904109588 0.06130573248407643 0.1035958904109589
0 0.24482484076433123 0.5976027397260274 0.0660828025477707 0.07705479452054795
1 0.20939490445859874 0.6827910958904109 0.0589171974522293 0.0761986301369863
1 0.2830414012738854 0.7333047945205479 0.07563694267515923 0.07962328767123288
1 0.4442675159235669 0.8227739726027397 0.06687898089171974 0.07705479452054795
0 0.5310509554140128 0.8613013698630136 0.07802547770700638 0.08561643835616438
2 0.5728503184713376 0.7855308219178082 0.07085987261146497 0.0761986301369863
1 0.49363057324840764 0.7512842465753424 0.06687898089171974 0.08476027397260273
1 0.41441082802547774 0.6960616438356164 0.08041401273885351 0.08904109589041095
1 0.32046178343949044 0.6485445205479452 0.07563694267515923 0.07962328767123288
1 0.3590764331210191 0.5620719178082192 0.07961783439490447 0.09845890410958903
1 0.4514331210191083 0.6065924657534246 0.06687898089171974 0.08304794520547945
0 0.5382165605095541 0.65625 0.0732484076433121 0.09503424657534246
1 0.6178343949044587 0.689640410958904 0.07165605095541401 0.09160958904109588
1 0.6640127388535032 0.5950342465753424 0.06528662420382166 0.07876712328767123
0 0.5847929936305732 0.5586472602739726 0.07722929936305734 0.09160958904109588
0 0.4960191082802548 0.5098458904109588 0.06369426751592357 0.08647260273972603
0 0.41361464968152867 0.4571917808219178 0.08519108280254778 0.0958904109589041
0 0.45222929936305734 0.3583047945205479 0.07961783439490447 0.09160958904109588
1 0.5433917197452229 0.4126712328767123 0.09156050955414013 0.10445205479452055
0 0.6309713375796179 0.454195205479452 0.07722929936305734 0.0898972602739726
0 0.7173566878980893 0.5107020547945205 0.07165605095541401 0.10530821917808218
2 0.759156050955414 0.4122431506849315 0.0820063694267516 0.09674657534246575
1 0.677547770700637 0.35488013698630133 0.07006369426751592 0.08304794520547945
1 0.5931528662420382 0.3163527397260274 0.07643312101910829 0.09160958904109588
1 0.5047770700636943 0.2581335616438356 0.07006369426751592 0.09332191780821918
