1 0.40594462540716614 0.2003577817531306 0.08713355048859935 0.09481216457960644
1 0.49144951140065146 0.2334525939177102 0.0741042345276873 0.08586762075134169
1 0.5912052117263844 0.28041144901610016 0.08306188925081434 0.09928443649373882
1 0.6746742671009772 0.31305903398926654 0.08061889250814333 0.09123434704830054
1 0.7585504885993486 0.35778175313059035 0.0724755700325733 0.09302325581395349
1 0.370928338762215 0.3090339892665474 0.07084690553745929 0.08676207513416816
1 0.45602605863192186 0.33944543828264756 0.07980456026058633 0.10107334525939177
1 0.5468241042345278 0.3761180679785331 0.08876221498371335 0.10822898032200358
1 0.6445439739413681 0.42441860465116277 0.08224755700325734 0.10465116279069768
1 0.7284201954397395 0.46153846153846156 0.08713355048859935 0.1001788908765653
1 0.32939739413680785 0.40474060822898034 0.07736156351791532 0.09212880143112702
1 0.4230456026058632 0.4525939177101968 0.08713355048859935 0.1001788908765653
1 0.5130293159609121 0.48971377459749554 0.08143322475570033 0.09749552772808587
1 0.5956840390879479 0.5290697674418605 0.07899022801302932 0.09391771019677997
2 0.6836319218241043 0.5648479427549195 0.0741042345276873 0.08318425760286226
2 0.2943811074918567 0.5201252236135957 0.06758957654723127 0.09391771019677997
1 0.380700325732899 0.5550089445438283 0.07736156351791532 0.10286225402504472
2 0.4690553745928339 0.5970483005366727 0.07817589576547232 0.11001788908765653
2 0.5594462540716613 0.631484794275492 0.08794788273615635 0.10196779964221825
1 0.5578175895765473 0.629695885509839 0.08794788273615635 0.10196779964221825
1 0.6494299674267101 0.6650268336314848 0.0741042345276873 0.08497316636851521
1 0.26465798045602607 0.6180679785330948 0.0732899022801303 0.09302325581395349
2 0.3456840390879479 0.6480322003577818 0.0724755700325733 0.08318425760286226
2 0.42996742671009774 0.6945438282647585 0.07166123778501629 0.09033989266547406
2 0.5187296416938111 0.7240608228980322 0.07166123778501629 0.08497316636851521
1 0.6156351791530945 0.768783542039356 0.08631921824104236 0.08676207513416816
1 0.23574918566775246 0.7016994633273703 0.05944625407166124 0.08676207513416816
1 0.3159609120521173 0.7468694096601073 0.0732899022801303 0.08407871198568873
1 0.486156351791531 0.8215563506261181 0.0732899022801303 0.08676207513416816
1 0.5741042345276873 0.855098389982111 0.0749185667752443 0.08228980322003578
