1 0.24458333333333335 0.3186915887850467 0.07250000000000001 0.09719626168224299
0 0.33666666666666667 0.2845794392523365 0.08166666666666667 0.09626168224299066
1 0.4466666666666667 0.24158878504672898 0.08 0.07943925233644861
1 0.5379166666666667 0.2046728971962617 0.08083333333333334 0.11401869158878505
1 0.6358333333333334 0.18317757009345795 0.095 0.09906542056074767
2 0.28208333333333335 0.42897196261682247 0.0775 0.09345794392523366
0 0.36791666666666667 0.402803738317757 0.09416666666666668 0.102803738317757
1 0.4766666666666667 0.3593457943925234 0.09000000000000001 0.09252336448598131
1 0.5658333333333334 0.31962616822429907 0.085 0.09906542056074767
1 0.6633333333333333 0.30233644859813086 0.08666666666666667 0.10186915887850467
2 0.3116666666666667 0.5514018691588786 0.08166666666666667 0.09532710280373832
0 0.40208333333333335 0.5112149532710281 0.07083333333333333 0.10093457943925234
1 0.4966666666666667 0.47943925233644863 0.095 0.10093457943925234
1 0.5945833333333334 0.4411214953271028 0.07916666666666668 0.09719626168224299
1 0.7020833333333334 0.402803738317757 0.08750000000000001 0.09906542056074767
1 0.3433333333333334 0.6640186915887851 0.08333333333333334 0.1
1 0.4454166666666667 0.6275700934579439 0.09416666666666668 0.09813084112149534
1 0.5329166666666667 0.5925233644859813 0.08083333333333334 0.09345794392523366
0 0.6354166666666667 0.555607476635514 0.08583333333333334 0.09813084112149534
1 0.7245833333333334 0.5126168224299066 0.07250000000000001 0.08878504672897197
1 0.3766666666666667 0.766355140186916 0.08166666666666667 0.08785046728971962
0 0.47708333333333336 0.7369158878504674 0.07916666666666668 0.09252336448598131
1 0.6654166666666667 0.6724299065420561 0.07583333333333334 0.10373831775700935
1 0.7525000000000001 0.6289719626168224 0.07666666666666667 0.09532710280373832
