1 0.2421135646687697 0.4183417085427136 0.07728706624605677 0.0745393634840871
1 0.32847003154574134 0.36432160804020103 0.06545741324921135 0.06867671691792294
1 0.41561514195583593 0.3203517587939699 0.0725552050473186 0.076214405360134
0 0.49881703470031546 0.27847571189279735 0.07334384858044164 0.07956448911222781
0 0.569006309148265 0.22445561139028475 0.05757097791798107 0.07537688442211056
2 0.2866719242902208 0.5125628140703518 0.09069400630914826 0.08040201005025126
1 0.3702681388012618 0.46147403685092125 0.07492113564668769 0.07202680067001675
1 0.458596214511041 0.40954773869346733 0.09700315457413249 0.08877721943048576
1 0.6293375394321766 0.31532663316582915 0.07886435331230283 0.0812395309882747
1 0.6482649842271293 0.5397822445561139 0.08675078864353312 0.08458961474036851
1 0.6865141955835962 0.6335845896147404 0.07807570977917981 0.07788944723618091
1 0.7606466876971608 0.5883584589614741 0.06861198738170347 0.09463986599664992
1 0.6064668769716088 0.6876046901172529 0.07728706624605677 0.08542713567839195
1 0.5307570977917981 0.7311557788944724 0.08990536277602523 0.08542713567839195
1 0.5725552050473186 0.8061139028475712 0.07886435331230283 0.07118927973199331
1 0.49369085173501576 0.8467336683417086 0.083596214511041 0.06365159128978225
1 0.4278391167192429 0.5577889447236181 0.08123028391167192 0.08542713567839195
1 0.34936908517350157 0.6034338358458962 0.08517350157728706 0.07956448911222781
1 0.5035488958990536 0.5046063651591289 0.08123028391167192 0.076214405360134
1 0.680205047318612 0.4057788944723618 0.08280757097791798 0.0745393634840871
0 0.38880126182965297 0.6884422110552764 0.07570977917981073 0.07202680067001675
0 0.5488958990536278 0.3563651591289782 0.07413249211356467 0.0745393634840871
0 0.7326498422712934 0.7123115577889447 0.07728706624605677 0.07118927973199331
0 0.7965299684542586 0.6637353433835846 0.0583596214511041 0.0695142378559464
2 0.5950315457413249 0.4568676716917923 0.08596214511041009 0.08626465661641541
2 0.46924290220820186 0.6507537688442211 0.07097791798107256 0.08375209380234507
2 0.5599369085173501 0.5938023450586265 0.0804416403785489 0.08375209380234507
2 0.7220031545741324 0.4962311557788945 0.07176656151419558 0.09296482412060302
2 0.44834384858044163 0.7772194304857621 0.08280757097791798 0.08542713567839195
