1 0.41491085899513774 0.19902482269503546 0.07941653160453808 0.08776595744680851
0 0.5020259319286872 0.23670212765957446 0.07536466774716369 0.09042553191489361
2 0.5923824959481361 0.2765957446808511 0.07617504051863858 0.10815602836879433
1 0.6924635332252836 0.32358156028368795 0.07860615883306321 0.0975177304964539
2 0.7718800648298216 0.35593971631205673 0.07698541329011345 0.09840425531914894
0 0.3752025931928687 0.2969858156028369 0.08103727714748785 0.08865248226950355
1 0.4663695299837925 0.34441489361702127 0.07374392220421394 0.08776595744680851
2 0.5607779578606159 0.3803191489361702 0.07779578606158832 0.10638297872340426
2 0.6454619124797406 0.425531914893617 0.08508914100486223 0.10106382978723404
2 0.7350081037277147 0.462322695035461 0.07455429497568881 0.09131205673758865
0 0.34238249594813613 0.40425531914893614 0.07698541329011345 0.09929078014184398
0 0.42179902755267423 0.4357269503546099 0.07212317666126418 0.100177304964539
1 0.5153970826580226 0.48404255319148937 0.0826580226904376 0.09929078014184398
0 0.603322528363047 0.5226063829787234 0.07698541329011345 0.09308510638297872
2 0.6957050243111831 0.5647163120567376 0.08508914100486223 0.08865248226950355
2 0.2945705024311183 0.5115248226950354 0.07698541329011345 0.10638297872340426
0 0.38330632090761746 0.5509751773049645 0.08427876823338736 0.08953900709219859
1 0.4870340356564019 0.5944148936170213 0.09076175040518639 0.09663120567375887
1 0.5656401944894651 0.6303191489361702 0.07455429497568881 0.08865248226950355
1 0.6608589951377634 0.6631205673758865 0.07698541329011345 0.08687943262411348
1 0.2694489465153971 0.6028368794326241 0.07536466774716369 0.09219858156028368
1 0.35534846029173417 0.649822695035461 0.07698541329011345 0.10106382978723404
1 0.4351701782820097 0.686613475177305 0.08103727714748785 0.08599290780141844
1 0.5360615883306321 0.7327127659574468 0.08670988654781199 0.09131205673758865
2 0.6138573743922204 0.7686170212765957 0.0640194489465154 0.09042553191489361
1 0.2354132901134522 0.6959219858156028 0.07536466774716369 0.0851063829787234
0 0.31442463533225284 0.7362588652482269 0.0713128038897893 0.08953900709219859
1 0.4947325769854133 0.8160460992907801 0.06888168557536467 0.08599290780141844
1 0.5733387358184765 0.8479609929078014 0.0640194489465154 0.07535460992907801
