1 0.24419568822553897 0.3345656192236599 0.07877280265339967 0.10536044362292052
1 0.3333333333333333 0.2989833641404806 0.07296849087893864 0.0878003696857671
1 0.43449419568822556 0.2592421441774492 0.0812603648424544 0.10073937153419593
1 0.5223880597014926 0.21903881700554528 0.07628524046434494 0.10536044362292052
1 0.6144278606965174 0.1922365988909427 0.0746268656716418 0.09242144177449169
1 0.6509121061359867 0.29066543438077636 0.07628524046434494 0.09519408502772643
1 0.5630182421227198 0.3299445471349353 0.08291873963515754 0.10905730129390018
1 0.4568822553897181 0.3733826247689464 0.08623548922056384 0.10351201478743069
1 0.36981757877280264 0.4048059149722736 0.07960199004975124 0.09981515711645102
1 0.2815091210613599 0.44731977818853974 0.07877280265339967 0.09611829944547134
1 0.31218905472636815 0.550369685767098 0.08208955223880597 0.09519408502772643
1 0.4087893864013267 0.5198706099815157 0.08955223880597016 0.10628465804066543
1 0.5041459369817579 0.4842883548983364 0.08291873963515754 0.10536044362292052
1 0.5916252072968491 0.4524029574861368 0.08043117744610283 0.10628465804066543
2 0.6836650082918739 0.416358595194085 0.08043117744610283 0.0933456561922366
2 0.3553067993366501 0.6635859519408502 0.07379767827529021 0.09057301293900184
1 0.4432006633499171 0.6289279112754159 0.08706467661691543 0.08964879852125693
2 0.5356550580431177 0.5970425138632163 0.0845771144278607 0.10166358595194085
1 0.6260364842454395 0.5573012939001848 0.07296849087893864 0.09426987060998152
1 0.7118573797678276 0.5189463955637708 0.07379767827529021 0.0933456561922366
1 0.38971807628524047 0.7615526802218114 0.087893864013267 0.08687615526802218
1 0.4730514096185738 0.7310536044362292 0.08043117744610283 0.08317929759704251
2 0.560530679933665 0.7005545286506469 0.06965174129353234 0.09611829944547134
2 0.6496683250414594 0.6640480591497228 0.07379767827529021 0.0933456561922366
1 0.7483416252072969 0.6215341959334566 0.07545605306799337 0.08040665434380777
1 0.7757048092868989 0.7241219963031423 0.07545605306799337 0.0933456561922366
1 0.6840796019900498 0.7597042513863216 0.0713101160862355 0.09981515711645102
1 0.5058043117744611 0.8290203327171903 0.0713101160862355 0.08317929759704251
1 0.4228855721393035 0.8539741219963032 0.0779436152570481 0.08317929759704251
