0 0.2605 0.134375 0.085 0.12125
0 0.372 0.11875000000000001 0.11 0.14250000000000002
1 0.4915 0.10187500000000001 0.091 0.12125
2 0.6265000000000001 0.11750000000000001 0.101 0.145
1 0.741 0.11750000000000001 0.1 0.1225
1 0.263 0.28625 0.082 0.11750000000000001
0 0.375 0.26375 0.08600000000000001 0.12
2 0.4995 0.258125 0.097 0.12125
2 0.626 0.278125 0.10200000000000001 0.14375000000000002
2 0.7355 0.268125 0.093 0.13375
1 0.261 0.4425 0.09 0.1275
2 0.3855 0.43625 0.101 0.1375
1 0.5055000000000001 0.435 0.089 0.1325
1 0.6195 0.419375 0.093 0.13375
2 0.7445 0.42875 0.099 0.14
0 0.2695 0.59875 0.091 0.1225
2 0.3815 0.6062500000000001 0.08700000000000001 0.14250000000000002
1 0.5035000000000001 0.595 0.101 0.125
1 0.6285000000000001 0.579375 0.095 0.12375
2 0.7435 0.585 0.095 0.135
0 0.2705 0.748125 0.091 0.11875000000000001
1 0.389 0.75 0.094 0.12
0 0.5075000000000001 0.755625 0.089 0.11875000000000001
2 0.6315000000000001 0.738125 0.083 0.11375
1 0.747 0.743125 0.088 0.14125000000000001
0 0.2805 0.885 0.085 0.1125
0 0.3905 0.8925000000000001 0.08700000000000001 0.11
1 0.629 0.894375 0.08 0.11875000000000001
1 0.7415 0.878125 0.091 0.12125
