1 0.34653024911032027 0.21621621621621623 0.08629893238434164 0.10810810810810811
2 0.4501779359430605 0.22609147609147612 0.09074733096085409 0.13201663201663202
1 0.5538256227758007 0.2551975051975052 0.09341637010676156 0.11746361746361747
1 0.6672597864768683 0.27442827442827444 0.09074733096085409 0.10602910602910603
1 0.7597864768683273 0.3050935550935551 0.08007117437722419 0.09875259875259876
1 0.32873665480427045 0.3388773388773389 0.0898576512455516 0.10395010395010396
2 0.4359430604982206 0.3685031185031185 0.08718861209964412 0.11122661122661123
0 0.5400355871886121 0.38461538461538464 0.09074733096085409 0.11434511434511435
1 0.6436832740213523 0.41424116424116425 0.0898576512455516 0.10291060291060292
2 0.7442170818505338 0.4277546777546778 0.08807829181494661 0.10706860706860707
2 0.30916370106761565 0.47193347193347196 0.08096085409252668 0.11226611226611227
1 0.40925266903914587 0.497920997920998 0.09608540925266904 0.10187110187110188
1 0.5186832740213523 0.5155925155925156 0.08540925266903915 0.0997920997920998
2 0.6209964412811387 0.5509355509355509 0.09074733096085409 0.10187110187110188
1 0.7313167259786476 0.5613305613305614 0.09430604982206406 0.10187110187110188
2 0.2784697508896797 0.6107068607068608 0.09074733096085409 0.11746361746361747
1 0.38256227758007116 0.6190228690228691 0.09074733096085409 0.09875259875259876
2 0.4875444839857651 0.646049896049896 0.10854092526690391 0.11538461538461539
1 0.6023131672597865 0.6642411642411643 0.09608540925266904 0.09771309771309772
2 0.7055160142348754 0.6834719334719335 0.09252669039145907 0.10291060291060292
1 0.2726868327402135 0.7130977130977132 0.08096085409252668 0.08731808731808732
1 0.36343416370106757 0.7442827442827443 0.09875444839857651 0.10395010395010396
1 0.47998220640569395 0.7666320166320166 0.09163701067615658 0.09667359667359668
1 0.5680604982206405 0.788981288981289 0.0898576512455516 0.09771309771309772
1 0.6823843416370107 0.8154885654885655 0.09252669039145907 0.11538461538461539
0 0.2597864768683274 0.8284823284823285 0.08185053380782918 0.10395010395010396
1 0.3545373665480427 0.8544698544698546 0.08274021352313167 0.09355509355509356
1 0.5529359430604982 0.8908523908523909 0.09341637010676156 0.08731808731808732
2 0.6539145907473309 0.9074844074844075 0.08007117437722419 0.09147609147609148
