0 0.262 0.14375000000000002 0.10200000000000001 0.1225
0 0.392 0.138125 0.1 0.12875
2 0.505 0.145 0.096 0.1225
0 0.633 0.15 0.098 0.13
1 0.749 0.143125 0.10200000000000001 0.12125
0 0.269 0.30062500000000003 0.092 0.11875000000000001
0 0.388 0.29812500000000003 0.092 0.12875
0 0.5 0.2925 0.108 0.13
0 0.6255000000000001 0.45375 0.101 0.1225
0 0.2635 0.60875 0.097 0.13
0 0.262 0.451875 0.098 0.13625
0 0.7525000000000001 0.30312500000000003 0.101 0.12625
1 0.6355000000000001 0.29625 0.111 0.13
1 0.3835 0.464375 0.101 0.14625
1 0.512 0.455625 0.10200000000000001 0.14625
1 0.388 0.6175 0.122 0.12
1 0.509 0.6125 0.098 0.13
1 0.6285000000000001 0.618125 0.10300000000000001 0.14375000000000002
1 0.746 0.619375 0.096 0.14625
1 0.746 0.465625 0.09 0.12125
1 0.516 0.75875 0.11 0.12
1 0.632 0.76875 0.092 0.125
1 0.7325 0.891875 0.093 0.11125
1 0.6275000000000001 0.90125 0.083 0.1075
1 0.386 0.90625 0.112 0.1275
1 0.2785 0.8981250000000001 0.093 0.13625
2 0.3825 0.76375 0.095 0.125
2 0.2755 0.7518750000000001 0.089 0.11375
2 0.736 0.75125 0.088 0.1
