0 0.4308 0.19516407599309152 0.0776 0.08290155440414507
2 0.5128 0.2374784110535406 0.0816 0.09844559585492227
1 0.5968 0.28842832469775476 0.0816 0.09499136442141623
0 0.6824 0.3346286701208981 0.07680000000000001 0.0924006908462867
1 0.766 0.38341968911917096 0.07440000000000001 0.08290155440414507
1 0.38680000000000003 0.2819516407599309 0.0728 0.0924006908462867
1 0.468 0.3380829015544041 0.0736 0.0924006908462867
0 0.5512 0.3855785837651122 0.08320000000000001 0.09585492227979274
0 0.6424000000000001 0.4265975820379965 0.0784 0.08635578583765112
1 0.7240000000000001 0.479706390328152 0.0752 0.0924006908462867
1 0.3356 0.3911917098445596 0.08080000000000001 0.08808290155440414
1 0.4264 0.4283246977547496 0.0784 0.1001727115716753
1 0.5116 0.47797927461139894 0.0888 0.08549222797927461
1 0.5992000000000001 0.5362694300518135 0.08320000000000001 0.10535405872193436
0 0.6736000000000001 0.5764248704663212 0.0896 0.08894645941278065
2 0.3 0.484887737478411 0.0752 0.08376511226252159
2 0.2484 0.5841968911917098 0.0952 0.11658031088082901
2 0.22240000000000001 0.6696891191709844 0.0736 0.0924006908462867
0 0.36920000000000003 0.538860103626943 0.09040000000000001 0.09499136442141623
0 0.4712 0.5816062176165803 0.07680000000000001 0.08721934369602763
0 0.5492 0.6213298791018999 0.08080000000000001 0.09067357512953367
1 0.6344000000000001 0.6610535405872193 0.0784 0.08376511226252159
1 0.3304 0.6282383419689119 0.0896 0.08376511226252159
1 0.3008 0.7141623488773747 0.08 0.08981001727115716
1 0.42760000000000004 0.6809153713298791 0.08080000000000001 0.09758203799654576
0 0.506 0.7284110535405872 0.084 0.10449050086355785
0 0.5872 0.7616580310880828 0.0752 0.08981001727115716
1 0.5504 0.8419689119170984 0.08 0.07772020725388601
1 0.468 0.8018134715025906 0.07680000000000001 0.08549222797927461
