2 0.3862098138747885 0.17495219885277247 0.07191201353637902 0.09560229445506692
2 0.3456006768189509 0.28967495219885275 0.0871404399323181 0.10516252390057361
2 0.6146362098138748 0.5205544933078393 0.0820642978003384 0.1022944550669216
2 0.2580372250423012 0.6434034416826003 0.08798646362098138 0.09560229445506692
2 0.5279187817258884 0.8499043977055449 0.07952622673434856 0.09369024856596558
2 0.4636209813874788 0.7289674952198852 0.08629441624365482 0.09464627151051624
2 0.5520304568527918 0.748565965583174 0.08037225042301184 0.09751434034416825
1 0.48223350253807107 0.20697896749521988 0.08460236886632826 0.10611854684512428
1 0.7749576988155668 0.30736137667304014 0.077834179357022 0.09847036328871893
1 0.6823181049069373 0.27533460803059273 0.0820642978003384 0.10516252390057361
0 0.5841793570219966 0.2404397705544933 0.07698815566835872 0.1022944550669216
0 0.4467005076142132 0.3221797323135755 0.07614213197969542 0.11663479923518164
1 0.5452622673434856 0.3546845124282983 0.07191201353637902 0.09751434034416825
0 0.6467851099830795 0.4020076481835564 0.07360406091370558 0.10994263862332695
0 0.7550761421319797 0.42973231357552577 0.09390862944162436 0.10994263862332695
2 0.3104906937394247 0.40535372848948376 0.07445008460236886 0.09369024856596558
0 0.41539763113367173 0.4536328871892925 0.08121827411167512 0.11376673040152964
1 0.5109983079526227 0.4875717017208413 0.07445008460236886 0.09942638623326959
1 0.2859560067681895 0.5358508604206501 0.08798646362098138 0.09082217973231357
1 0.3874788494077834 0.5764818355640535 0.07614213197969542 0.11089866156787763
2 0.4839255499153976 0.6152007648183556 0.07614213197969542 0.13097514340344169
0 0.5846023688663282 0.6238049713193117 0.07614213197969542 0.09082217973231357
0 0.6852791878172588 0.6749521988527725 0.07952622673434856 0.11089866156787763
1 0.7170050761421319 0.5420650095602294 0.07529610829103214 0.09751434034416825
2 0.35321489001692047 0.6892925430210325 0.0820642978003384 0.10133843212237094
0 0.6446700507614213 0.781548757170172 0.08121827411167512 0.11376673040152964
1 0.24238578680203046 0.7495219885277247 0.07360406091370558 0.08795411089866156
1 0.3320642978003384 0.7863288718929254 0.07529610829103214 0.09847036328871893
0 0.6184433164128595 0.878585086042065 0.06937394247038917 0.08221797323135754
