1 0.2785 0.084375 0.077 0.12875
0 0.3985 0.069375 0.101 0.13625
1 0.5105000000000001 0.069375 0.113 0.13875
2 0.6385000000000001 0.07375 0.095 0.1325
1 0.745 0.08687500000000001 0.084 0.11625
1 0.27 0.2225 0.094 0.12
1 0.3945 0.22062500000000002 0.097 0.12125
0 0.5115000000000001 0.2275 0.095 0.13
1 0.6325000000000001 0.243125 0.085 0.11375
0 0.7545000000000001 0.2325 0.10300000000000001 0.1225
2 0.274 0.395 0.094 0.135
0 0.3855 0.390625 0.097 0.13375
2 0.506 0.38875 0.1 0.14250000000000002
0 0.627 0.38875 0.10400000000000001 0.125
1 0.7505000000000001 0.400625 0.085 0.12625
1 0.2735 0.5375 0.08700000000000001 0.13
2 0.386 0.555625 0.098 0.14125000000000001
0 0.5175 0.550625 0.105 0.13375
1 0.6375000000000001 0.55625 0.099 0.1325
1 0.7545000000000001 0.54125 0.10300000000000001 0.1325
2 0.2735 0.6975 0.097 0.135
1 0.394 0.703125 0.10400000000000001 0.12875
1 0.5135 0.71 0.08700000000000001 0.125
0 0.628 0.7025 0.09 0.1225
1 0.7425 0.70125 0.089 0.115
0 0.2795 0.836875 0.095 0.11125
1 0.3965 0.84125 0.095 0.1125
1 0.634 0.855625 0.096 0.13125
1 0.739 0.835 0.08600000000000001 0.1075
