1 0.2715 0.155625 0.091 0.11625
0 0.3915 0.1525 0.085 0.125
2 0.5025000000000001 0.14125000000000001 0.093 0.135
1 0.6415 0.15625 0.099 0.13
2 0.7425 0.14875 0.079 0.14
2 0.27 0.309375 0.096 0.13625
1 0.392 0.3125 0.088 0.135
2 0.515 0.3075 0.11 0.1525
2 0.6355000000000001 0.315625 0.107 0.15125
2 0.749 0.310625 0.098 0.13875
0 0.2725 0.46625 0.085 0.1325
0 0.3865 0.4675 0.109 0.135
1 0.509 0.463125 0.10200000000000001 0.12625
0 0.6315000000000001 0.4675 0.101 0.135
2 0.751 0.464375 0.09 0.12875
2 0.279 0.6375000000000001 0.10200000000000001 0.145
0 0.389 0.640625 0.1 0.14875
0 0.525 0.633125 0.11 0.13125
0 0.63 0.6218750000000001 0.08600000000000001 0.13875
0 0.7565000000000001 0.618125 0.101 0.13125
0 0.28750000000000003 0.78 0.085 0.11750000000000001
0 0.4055 0.7837500000000001 0.095 0.1225
0 0.5075000000000001 0.779375 0.101 0.12125
0 0.6445 0.7825 0.107 0.125
2 0.7515000000000001 0.781875 0.093 0.14125000000000001
1 0.28650000000000003 0.911875 0.095 0.11625
0 0.3965 0.9175 0.095 0.115
1 0.6275000000000001 0.91 0.089 0.1075
1 0.734 0.9087500000000001 0.08600000000000001 0.11750000000000001
