2 0.281 0.139375 0.088 0.12625
2 0.259 0.295 0.112 0.135
2 0.261 0.775 0.08600000000000001 0.115
2 0.634 0.9275 0.08600000000000001 0.12
2 0.5195 0.65 0.109 0.16
2 0.6325000000000001 0.790625 0.08700000000000001 0.12875
2 0.525 0.80375 0.1 0.11750000000000001
1 0.3975 0.135625 0.093 0.12125
1 0.645 0.14375000000000002 0.09 0.1225
1 0.7535000000000001 0.139375 0.085 0.13625
1 0.7705 0.305 0.105 0.14250000000000002
1 0.7605000000000001 0.46125 0.08700000000000001 0.145
1 0.5045000000000001 0.480625 0.093 0.11875000000000001
2 0.6335000000000001 0.47375 0.093 0.135
1 0.513 0.294375 0.082 0.11875000000000001
1 0.3945 0.63875 0.091 0.13
1 0.3995 0.9243750000000001 0.099 0.11875000000000001
1 0.275 0.91125 0.096 0.1075
1 0.7475 0.7925 0.10300000000000001 0.1525
1 0.2615 0.629375 0.093 0.12125
0 0.7385 0.92 0.095 0.115
0 0.384 0.7837500000000001 0.09 0.11750000000000001
0 0.642 0.625 0.094 0.1275
0 0.7575000000000001 0.636875 0.093 0.15375
0 0.3905 0.469375 0.097 0.12625
0 0.2615 0.446875 0.097 0.12625
0 0.6425 0.31375000000000003 0.099 0.1375
0 0.5215 0.1375 0.097 0.13
0 0.389 0.290625 0.10400000000000001 0.14125000000000001
