2 0.2535 0.1925 0.097 0.11750000000000001
0 0.26 0.3425 0.092 0.1225
0 0.265 0.505 0.096 0.14
2 0.266 0.67625 0.08600000000000001 0.135
2 0.2655 0.8043750000000001 0.085 0.10375000000000001
1 0.2755 0.94375 0.079 0.11
1 0.379 0.945625 0.094 0.10625
0 0.3785 0.816875 0.085 0.10875
1 0.372 0.6843750000000001 0.094 0.15125
2 0.377 0.50375 0.096 0.15
0 0.3755 0.345625 0.097 0.12625
1 0.3805 0.180625 0.089 0.14125000000000001
1 0.499 0.1925 0.092 0.1325
1 0.6255000000000001 0.19875 0.099 0.135
0 0.7405 0.2 0.093 0.1325
0 0.508 0.34875 0.114 0.1375
0 0.6315000000000001 0.34125 0.097 0.1275
0 0.745 0.36 0.098 0.14250000000000002
0 0.496 0.51625 0.09 0.12
0 0.627 0.51125 0.10400000000000001 0.13
1 0.7335 0.49875 0.083 0.1125
1 0.5115000000000001 0.6743750000000001 0.111 0.13125
0 0.6285000000000001 0.675625 0.105 0.13375
1 0.7355 0.659375 0.075 0.10625
0 0.4985 0.8175 0.101 0.115
1 0.624 0.825625 0.092 0.12875
2 0.728 0.81875 0.078 0.1325
2 0.726 0.941875 0.092 0.10875
1 0.617 0.9475 0.088 0.10250000000000001
