1 0.271 0.26875 0.088 0.1375
0 0.391 0.2575 0.092 0.14250000000000002
1 0.504 0.2675 0.11 0.1575
2 0.638 0.26375 0.106 0.14250000000000002
1 0.7435 0.274375 0.091 0.12375
0 0.264 0.419375 0.092 0.12625
1 0.3885 0.41875 0.099 0.13
0 0.5105000000000001 0.431875 0.099 0.13375
1 0.6295000000000001 0.435625 0.095 0.13125
1 0.7525000000000001 0.424375 0.101 0.13625
2 0.2715 0.58875 0.091 0.125
2 0.3855 0.591875 0.099 0.14375000000000002
0 0.5015000000000001 0.59125 0.099 0.135
0 0.6235 0.59125 0.117 0.14
1 0.743 0.594375 0.088 0.13125
1 0.277 0.72875 0.09 0.12
0 0.3875 0.750625 0.093 0.14125000000000001
0 0.5155 0.745625 0.105 0.13625
1 0.633 0.748125 0.098 0.13375
1 0.746 0.72875 0.096 0.1275
2 0.281 0.87375 0.098 0.12
0 0.3925 0.881875 0.097 0.11625
1 0.5095000000000001 0.8875000000000001 0.083 0.12
1 0.6215 0.883125 0.089 0.11875000000000001
1 0.7335 0.8725 0.08700000000000001 0.11
1 0.2905 0.9706250000000001 0.097 0.05625
1 0.398 0.9756250000000001 0.09 0.04625
1 0.625 0.9775 0.1 0.0425
1 0.7265 0.9725 0.081 0.0525
