1 0.40343698854337157 0.21021699819168174 0.10801963993453356 0.10216998191681735
1 0.49836333878887074 0.24593128390596744 0.07855973813420622 0.09403254972875226
0 0.5916530278232406 0.28752260397830015 0.09492635024549918 0.09764918625678119
0 0.6845335515548282 0.32233273056057865 0.07937806873977087 0.08951175406871609
1 0.7733224222585925 0.35036166365280286 0.06873977086743044 0.09493670886075949
0 0.37315875613747956 0.3268535262206148 0.07037643207855974 0.10578661844484628
0 0.4611292962356792 0.3589511754068716 0.09083469721767594 0.11030741410488246
1 0.5552373158756138 0.3937613019891501 0.09247135842880524 0.09493670886075949
1 0.6518003273322422 0.4358047016274864 0.08428805237315876 0.09403254972875226
1 0.7446808510638299 0.4629294755877034 0.08674304418985271 0.10488245931283906
0 0.3445171849427169 0.42992766726943943 0.08019639934533553 0.10036166365280288
0 0.4328968903436989 0.46925858951175403 0.0851063829787234 0.09403254972875226
1 0.5257774140752864 0.49909584086799275 0.08756137479541735 0.10307414104882459
2 0.6157937806873978 0.5406871609403254 0.07774140752864157 0.08318264014466546
1 0.7074468085106383 0.5745931283905967 0.07937806873977087 0.09312839059674502
1 0.3040098199672668 0.5302893309222423 0.07937806873977087 0.09493670886075949
1 0.39484451718494273 0.5727848101265822 0.09738134206219314 0.09674502712477395
1 0.49509001636661215 0.6152802893309223 0.07855973813420622 0.10397830018083182
1 0.5879705400981997 0.6478300180831826 0.09083469721767594 0.10036166365280288
0 0.67430441898527 0.6763110307414104 0.06382978723404256 0.0867992766726944
1 0.2765957446808511 0.629746835443038 0.08019639934533553 0.08408679927667269
1 0.36129296235679215 0.6690777576853526 0.07610474631751228 0.08499095840867993
1 0.46276595744680854 0.7025316455696202 0.07119476268412439 0.0867992766726944
2 0.5503273322422259 0.7423146473779385 0.08756137479541735 0.09584086799276673
2 0.6411620294599019 0.7780289330922242 0.08101472995090017 0.09855334538878842
1 0.2520458265139116 0.7224231464737794 0.07855973813420622 0.0867992766726944
1 0.3416530278232406 0.7649186256781193 0.08101472995090017 0.08499095840867993
1 0.5220949263502456 0.8282097649186256 0.07364975450081833 0.07775768535262206
1 0.605973813420622 0.8666365280289331 0.07446808510638299 0.08951175406871609
