1 0.20799011532125206 0.2563985374771481 0.0799011532125206 0.08683729433272395
2 0.2985996705107084 0.21709323583180987 0.08484349258649095 0.08683729433272395
0 0.39373970345963755 0.17550274223034734 0.08896210873146623 0.07495429616087751
2 0.49093904448105435 0.13345521023765997 0.085667215815486 0.07312614259597806
2 0.578665568369028 0.10009140767824497 0.08484349258649095 0.07952468007312614
1 0.24341021416803954 0.3537477148080439 0.07331136738056013 0.10237659963436929
0 0.32825370675453047 0.3176416819012797 0.08813838550247118 0.10694698354661791
2 0.4209225700164745 0.276508226691042 0.09719934102141681 0.11243144424131626
2 0.5193574958813839 0.22577696526508226 0.09472817133443164 0.10786106032906764
1 0.6169686985172982 0.19469835466179158 0.08237232289950577 0.10968921389396709
2 0.27924217462932455 0.4670932358318099 0.08072487644151566 0.09689213893967093
1 0.3628500823723229 0.4195612431444241 0.08813838550247118 0.10603290676416818
1 0.46581548599670514 0.399908592321755 0.0914332784184514 0.10146252285191956
0 0.5654859967051071 0.34643510054844606 0.08978583196046129 0.10786106032906764
0 0.6548599670510709 0.3075868372943327 0.08237232289950577 0.10511882998171847
0 0.31342668863261947 0.5795246800731262 0.08319604612850083 0.10603290676416818
1 0.40733113673805604 0.5420475319926874 0.0799011532125206 0.09872029250457039
0 0.4983525535420099 0.4986288848263254 0.09060955518945635 0.10329067641681901
0 0.5988467874794069 0.4570383912248629 0.09225700164744646 0.10786106032906764
1 0.6890444810543658 0.41773308957952465 0.08813838550247118 0.09689213893967093
0 0.3542009884678748 0.6851005484460695 0.08401976935749589 0.10329067641681901
1 0.4456342668863262 0.6425959780621572 0.08237232289950577 0.09506398537477148
0 0.5345963756177924 0.6174588665447898 0.09225700164744646 0.10511882998171847
2 0.6297364085667216 0.573126142595978 0.08319604612850083 0.10054844606946983
2 0.7244645799011532 0.5361060329067642 0.08649093904448106 0.11060329067641682
1 0.38673805601317957 0.7897623400365631 0.08484349258649095 0.10603290676416818
2 0.4802306425041186 0.7550274223034735 0.085667215815486 0.10420475319926874
1 0.6626853377265239 0.6805301645338209 0.08319604612850083 0.10511882998171847
1 0.75 0.6361974405850092 0.07495881383855024 0.08775137111517367
