1 0.31669691470054445 0.20708154506437768 0.08892921960072595 0.10515021459227468
1 0.4301270417422867 0.22049356223175964 0.07985480943738657 0.10836909871244635
1 0.5376588021778584 0.2446351931330472 0.09346642468239565 0.10944206008583691
1 0.40744101633393826 0.35085836909871243 0.08892921960072595 0.11373390557939914
1 0.5199637023593466 0.375 0.10707803992740471 0.1148068669527897
1 0.7368421052631579 0.4227467811158798 0.07441016333938294 0.11158798283261803
1 0.7218693284936479 0.555793991416309 0.09346642468239565 0.11587982832618025
1 0.5 0.5139484978540773 0.08892921960072595 0.11373390557939914
1 0.39428312159709616 0.49839055793991416 0.08439201451905626 0.11909871244635194
1 0.2921960072595281 0.4801502145922747 0.07985480943738657 0.11695278969957082
1 0.6039019963702359 0.6689914163090128 0.09709618874773139 0.11051502145922747
0 0.2735934664246824 0.6056866952789699 0.07531760435571687 0.10193133047210301
2 0.37477313974591653 0.6362660944206009 0.0925589836660617 0.11373390557939914
2 0.49274047186932846 0.6486051502145923 0.09437386569872958 0.1148068669527897
2 0.705535390199637 0.6856223175965666 0.09709618874773139 0.12017167381974249
2 0.6125226860254083 0.5380901287553648 0.09800362976406533 0.12124463519313304
2 0.29764065335753176 0.3374463519313305 0.09074410163339383 0.1148068669527897
2 0.2654264972776769 0.7333690987124464 0.07168784029038112 0.09763948497854077
0 0.6506352087114338 0.2644849785407725 0.07985480943738657 0.10407725321888411
0 0.7513611615245008 0.2821888412017167 0.0852994555353902 0.11158798283261803
0 0.6401996370235934 0.39431330472103004 0.08802177858439202 0.11266094420600858
0 0.5644283121597096 0.901824034334764 0.07622504537205081 0.08690987124463519
0 0.661524500907441 0.9104077253218884 0.08348457350272231 0.08047210300429185
1 0.36932849364791287 0.7623390557939914 0.09618874773139746 0.11051502145922747
1 0.4659709618874773 0.7725321888412017 0.06987295825771325 0.10515021459227468
1 0.5766787658802177 0.7886266094420601 0.08257713248638839 0.10944206008583691
1 0.6792196007259528 0.8074034334763949 0.08620689655172413 0.10836909871244635
1 0.26406533575317603 0.8465665236051502 0.0852994555353902 0.10300429184549356
1 0.3584392014519056 0.8669527896995708 0.08348457350272231 0.10085836909871244
