0 0.25 0.3471001757469244 0.07741935483870968 0.09666080843585237
0 0.2862903225806452 0.44815465729349735 0.08064516129032258 0.08963093145869946
0 0.6842741935483871 0.37653778558875217 0.07822580645161291 0.09050966608084358
0 0.725 0.4723198594024604 0.08064516129032258 0.0992970123022847
0 0.757258064516129 0.5698594024604569 0.07419354838709677 0.09226713532513181
0 0.41854838709677417 0.7398945518453427 0.07903225806451612 0.0843585237258348
0 0.3713709677419355 0.6515817223198593 0.07338709677419354 0.09050966608084358
0 0.6403225806451613 0.27768014059753954 0.08064516129032258 0.09666080843585237
2 0.5149193548387097 0.21133567662565902 0.0846774193548387 0.0992970123022847
2 0.5471774193548387 0.3101933216168717 0.07338709677419354 0.08260105448154657
2 0.5483870967741935 0.7917398945518453 0.07580645161290323 0.08084358523725835
2 0.7939516129032258 0.6577328646748681 0.0717741935483871 0.08347978910369068
2 0.4229838709677419 0.5048330404217926 0.09435483870967742 0.09753954305799648
2 0.3254032258064516 0.5461335676625658 0.0846774193548387 0.08875219683655536
2 0.5161290322580645 0.4586994727592267 0.08387096774193549 0.09314586994727592
2 0.3362903225806452 0.3022847100175747 0.08225806451612903 0.0843585237258348
2 0.4245967741935484 0.24912126537785587 0.0814516129032258 0.09578207381370825
2 0.6 0.17618629173989453 0.07903225806451612 0.09402460456942002
2 0.4657258064516129 0.35237258347978906 0.0814516129032258 0.10017574692442882
2 0.37620967741935485 0.4028998242530755 0.07338709677419354 0.0852372583479789
2 0.5987903225806451 0.4130052724077328 0.07338709677419354 0.08084358523725835
2 0.6366935483870968 0.5140597539543058 0.07983870967741935 0.08787346221441124
2 0.5528225806451613 0.5654657293497364 0.0846774193548387 0.09402460456942002
2 0.4568548387096774 0.6085237258347979 0.07661290322580645 0.0852372583479789
1 0.5004032258064516 0.7086994727592266 0.08629032258064516 0.08875219683655536
1 0.5919354838709677 0.6608084358523726 0.08548387096774193 0.08787346221441124
1 0.6830645161290323 0.6190685413005272 0.07096774193548387 0.08875219683655536
1 0.7201612903225807 0.7108963093145869 0.08225806451612903 0.0843585237258348
1 0.4536290322580645 0.8246924428822495 0.06854838709677419 0.07117750439367311
