1 0.3916666666666667 0.18504672897196262 0.07166666666666667 0.09158878504672897
1 0.49125 0.21168224299065422 0.08583333333333334 0.08878504672897197
1 0.5829166666666667 0.24205607476635516 0.0775 0.09906542056074767
1 0.6770833333333334 0.27897196261682244 0.07916666666666668 0.11495327102803739
1 0.7741666666666667 0.3238317757009346 0.08 0.1
1 0.3591666666666667 0.29345794392523367 0.09000000000000001 0.10654205607476636
1 0.4475 0.3182242990654206 0.08833333333333333 0.1
2 0.5533333333333333 0.3621495327102804 0.08666666666666667 0.1
1 0.6408333333333334 0.3897196261682243 0.07333333333333333 0.09532710280373832
1 0.7470833333333334 0.42943925233644864 0.08916666666666667 0.08878504672897197
2 0.32458333333333333 0.40981308411214956 0.08083333333333334 0.10934579439252337
1 0.42458333333333337 0.4411214953271028 0.07916666666666668 0.09345794392523366
1 0.5225000000000001 0.4742990654205608 0.08833333333333333 0.10186915887850467
1 0.6108333333333333 0.5018691588785047 0.07833333333333334 0.09532710280373832
1 0.7104166666666667 0.5397196261682243 0.0775 0.09813084112149534
0 0.30083333333333334 0.5177570093457944 0.07333333333333333 0.08785046728971962
0 0.38958333333333334 0.5532710280373832 0.0825 0.09719626168224299
0 0.4866666666666667 0.5831775700934579 0.07500000000000001 0.09158878504672897
0 0.5895833333333333 0.6177570093457945 0.0825 0.0897196261682243
1 0.6866666666666668 0.6448598130841122 0.09166666666666667 0.09906542056074767
2 0.26666666666666666 0.6350467289719627 0.08 0.1
1 0.36791666666666667 0.6691588785046729 0.07583333333333334 0.09906542056074767
0 0.46416666666666667 0.7009345794392524 0.08666666666666667 0.10467289719626169
1 0.5587500000000001 0.7327102803738318 0.08416666666666667 0.10467289719626169
1 0.6458333333333334 0.7635514018691589 0.07166666666666667 0.102803738317757
1 0.2575 0.7294392523364486 0.06833333333333334 0.08878504672897197
1 0.3416666666666667 0.7724299065420561 0.07833333333333334 0.10747663551401869
1 0.6045833333333334 0.8523364485981308 0.0675 0.08224299065420561
2 0.5241666666666667 0.8238317757009346 0.07500000000000001 0.08691588785046729
