1 0.24916666666666668 0.31962616822429907 0.07500000000000001 0.102803738317757
2 0.33125000000000004 0.2855140186915888 0.08083333333333334 0.09813084112149534
0 0.43125 0.25280373831775704 0.0775 0.1
0 0.5245833333333334 0.21962616822429906 0.06916666666666667 0.09345794392523366
1 0.6191666666666668 0.1883177570093458 0.07500000000000001 0.09252336448598131
1 0.2679166666666667 0.4252336448598131 0.0825 0.08785046728971962
1 0.36833333333333335 0.39532710280373834 0.08333333333333334 0.0897196261682243
0 0.45833333333333337 0.3649532710280374 0.07500000000000001 0.09626168224299066
0 0.5533333333333333 0.32570093457943927 0.085 0.10186915887850467
0 0.6520833333333333 0.29953271028037387 0.08416666666666667 0.09813084112149534
0 0.3041666666666667 0.544392523364486 0.07500000000000001 0.09626168224299066
1 0.4 0.5046728971962617 0.07166666666666667 0.09158878504672897
1 0.4966666666666667 0.4742990654205608 0.085 0.10373831775700935
1 0.59875 0.44252336448598134 0.0975 0.11121495327102804
0 0.6829166666666667 0.4158878504672897 0.08416666666666667 0.09906542056074767
2 0.3379166666666667 0.6453271028037384 0.0825 0.09065420560747664
2 0.4254166666666667 0.6383177570093458 0.07916666666666668 0.11962616822429907
0 0.53 0.5925233644859813 0.09000000000000001 0.09345794392523366
1 0.6195833333333334 0.5537383177570093 0.0825 0.09252336448598131
0 0.7120833333333334 0.516822429906542 0.07416666666666667 0.09532710280373832
2 0.36458333333333337 0.7672897196261682 0.09250000000000001 0.10654205607476636
2 0.4029166666666667 0.861214953271028 0.08416666666666667 0.08317757009345794
1 0.45958333333333334 0.735981308411215 0.07916666666666668 0.1
1 0.48958333333333337 0.8257009345794393 0.08083333333333334 0.08878504672897197
1 0.5625 0.6995327102803739 0.08666666666666667 0.08878504672897197
0 0.6608333333333334 0.6677570093457944 0.09000000000000001 0.10373831775700935
1 0.6733333333333333 0.7621495327102804 0.08166666666666667 0.09439252336448599
1 0.7708333333333334 0.7242990654205608 0.07666666666666667 0.09532710280373832
2 0.7420833333333334 0.6364485981308412 0.07916666666666668 0.09532710280373832
