0 0.4128849270664505 0.1875 0.0899513776337115 0.09485815602836879
0 0.5076985413290113 0.23182624113475175 0.08022690437601296 0.09485815602836879
0 0.5470016207455429 0.3612588652482269 0.08427876823338736 0.08776595744680851
0 0.46799027552674227 0.324468085106383 0.07374392220421394 0.08333333333333333
0 0.37884927066450563 0.2907801418439716 0.07374392220421394 0.08687943262411348
0 0.29538087520259315 0.48936170212765956 0.08022690437601296 0.10460992907801418
0 0.6896272285251215 0.5611702127659575 0.06969205834683954 0.09219858156028368
0 0.7382495948136142 0.46143617021276595 0.07779578606158832 0.09308510638297872
0 0.6912479740680713 0.31648936170212766 0.07617504051863858 0.08687943262411348
2 0.5915721231766612 0.2708333333333333 0.08103727714748785 0.09485815602836879
1 0.7775526742301458 0.3523936170212766 0.08184764991896272 0.08953900709219859
1 0.653160453808752 0.4171099290780142 0.09238249594813613 0.09485815602836879
1 0.42423014586709884 0.43971631205673756 0.07536466774716369 0.10815602836879433
1 0.38614262560777957 0.5359042553191489 0.08508914100486223 0.09663120567375887
0 0.5162074554294975 0.4773936170212766 0.08589951377633712 0.10372340425531915
0 0.6037277147487844 0.5150709219858156 0.08103727714748785 0.0975177304964539
0 0.34238249594813613 0.38652482269503546 0.07860615883306321 0.09929078014184398
1 0.47609400324149104 0.575354609929078 0.08346839546191248 0.09219858156028368
1 0.5672609400324149 0.62322695035461 0.07455429497568881 0.10283687943262411
1 0.6511345218800648 0.6595744680851063 0.07374392220421394 0.09929078014184398
1 0.44489465153970825 0.6786347517730497 0.07941653160453808 0.08953900709219859
1 0.5279578606158832 0.7211879432624113 0.07050243111831442 0.08953900709219859
1 0.5769854132901134 0.8413120567375887 0.07941653160453808 0.08156028368794326
1 0.4923014586709886 0.8040780141843972 0.07860615883306321 0.08687943262411348
1 0.31280388978930307 0.724290780141844 0.09238249594813613 0.07801418439716312
1 0.23419773095623986 0.6852836879432624 0.06645056726094004 0.10106382978723404
2 0.26620745542949753 0.5868794326241135 0.06564019448946515 0.08687943262411348
2 0.34359805510534847 0.6285460992907801 0.08752025931928686 0.08865248226950355
2 0.6134521880064829 0.7429078014184397 0.07617504051863858 0.07092198581560283
