1 0.28450000000000003 0.196875 0.099 0.13375
2 0.398 0.183125 0.098 0.13875
1 0.517 0.199375 0.098 0.14125000000000001
1 0.6475 0.19187500000000002 0.107 0.13375
0 0.7535000000000001 0.204375 0.095 0.12375
1 0.277 0.345625 0.096 0.12125
2 0.4005 0.3575 0.105 0.145
0 0.5235 0.34750000000000003 0.107 0.1325
1 0.6405 0.36375 0.10300000000000001 0.14
2 0.7595000000000001 0.353125 0.10300000000000001 0.12625
2 0.28150000000000003 0.50375 0.091 0.1225
0 0.401 0.519375 0.1 0.12125
1 0.5175 0.514375 0.093 0.13125
0 0.638 0.5275 0.10200000000000001 0.1275
1 0.764 0.51375 0.106 0.1325
2 0.274 0.680625 0.106 0.13875
1 0.388 0.666875 0.098 0.11125
2 0.508 0.6793750000000001 0.108 0.13375
1 0.6415 0.670625 0.101 0.12625
2 0.758 0.6675 0.106 0.125
1 0.28500000000000003 0.808125 0.08600000000000001 0.10375000000000001
1 0.388 0.82625 0.112 0.1375
1 0.521 0.821875 0.10200000000000001 0.12125
1 0.6305000000000001 0.823125 0.093 0.11125
1 0.7505000000000001 0.82625 0.101 0.135
0 0.28750000000000003 0.943125 0.093 0.10125
1 0.3965 0.948125 0.097 0.10125
1 0.627 0.94625 0.09 0.0975
2 0.736 0.94625 0.09 0.105
