0 0.24386252045826515 0.33634719710669075 0.08674304418985271 0.0922242314647378
0 0.369885433715221 0.39783001808318263 0.08674304418985271 0.0922242314647378
0 0.647708674304419 0.28526220614828207 0.07446808510638299 0.09312839059674502
0 0.6828968903436989 0.38517179023508136 0.08428805237315876 0.08318264014466546
0 0.6399345335515548 0.5320976491862568 0.07528641571194764 0.08589511754068715
0 0.31751227495908346 0.5452079566003617 0.07528641571194764 0.0922242314647378
0 0.5180032733224222 0.8178119349005425 0.07037643207855974 0.08227848101265822
0 0.4328968903436989 0.8453887884267631 0.07692307692307693 0.0759493670886076
1 0.33265139116202946 0.3015370705244123 0.07446808510638299 0.10036166365280288
1 0.4234860883797054 0.25813743218806506 0.07937806873977087 0.09132007233273055
1 0.5151391162029461 0.22151898734177214 0.07610474631751228 0.0922242314647378
1 0.5540098199672668 0.3209764918625678 0.09819967266775778 0.09041591320072333
1 0.4554009819967267 0.3562386980108499 0.08756137479541735 0.09764918625678119
1 0.27577741407528644 0.4430379746835443 0.09001636661211129 0.09403254972875226
1 0.4046644844517185 0.5090415913200723 0.08756137479541735 0.09403254972875226
1 0.5 0.4638336347197107 0.088379705400982 0.11030741410488246
1 0.6018821603927987 0.439873417721519 0.07446808510638299 0.09312839059674502
1 0.7250409165302782 0.505877034358047 0.08674304418985271 0.1166365280289331
1 0.5413256955810147 0.5786618444846293 0.08919803600654665 0.09764918625678119
1 0.4762684124386252 0.7242314647377939 0.08674304418985271 0.08860759493670886
1 0.6898527004909984 0.7400542495479204 0.06710310965630115 0.08589511754068715
0 0.5818330605564649 0.6844484629294756 0.07855973813420622 0.09041591320072333
2 0.352291325695581 0.656871609403255 0.08101472995090017 0.07504520795660036
2 0.44271685761047463 0.6225135623869801 0.07528641571194764 0.08408679927667269
2 0.4009819967266776 0.7576853526220615 0.07855973813420622 0.0922242314647378
2 0.6648936170212766 0.647377938517179 0.07610474631751228 0.10307414104882459
2 0.7495908346972177 0.5976491862567812 0.07692307692307693 0.0867992766726944
2 0.7806873977086743 0.6885171790235081 0.07692307692307693 0.08408679927667269
1 0.6084288052373159 0.17992766726943943 0.08265139116202946 0.08499095840867993
